Tesla,Angle,Critical Current
0.15,0.0,51.17058331833035
0.15,120.0,57.56781154919974
0.15,150.0,54.395248244508565
0.15,40.0,56.289816261987596
0.15,60.0,61.7151715401578
0.15,90.0,75.7806909446581
0.2,0.0,46.61785607211152
0.3,0.0,41.89847679509243
0.3,120.0,40.67636740692009
0.3,150.0,40.87920426402448
0.3,40.0,44.324922773989705
0.3,60.0,46.155326660801066
0.3,90.0,62.27573493791508
0.45,0.0,37.39373448995242
0.45,120.0,33.03239407095628
0.45,150.0,34.65945747228076
0.45,40.0,37.34889638587118
0.45,60.0,37.18322144050985
0.45,90.0,53.19649853911743
0.4,0.0,38.66197981546284
0.5,0.0,36.40447495168787
0.6,0.0,34.46154613093387
0.6,120.0,28.21710413572866
0.6,150.0,30.387411231035994
0.6,40.0,34.04247871224267
0.6,60.0,31.585799953270666
0.6,90.0,46.41969770877609
0.7,0.0,33.16138460968476
0.0,0.0,80.29697619631698
0.0,120.0,85.2534427041032
0.0,150.0,84.61519275702064
0.0,40.0,89.10618565547351
0.0,60.0,86.78131872045462
0.0,90.0,87.18819778538109
0.0,30.0,89.51131296263489
