Current,Voltage,Time
-0.018676,-0.7971,0.046
-0.018486,-0.798931,0.093
-0.018382,-0.80237,0.138
-0.01926,-0.803836,0.185
-0.018388,-0.806238,0.231
-0.019303,-0.807995,0.277
-0.018504,-0.80828,0.323
-0.018252,-0.80839,0.369
-0.019211,-0.809376,0.416
-0.018461,-0.809316,0.461
-0.018283,-0.807074,0.508
-0.018958,-0.806349,0.554
0.033618,-0.804902,0.725
0.057217,-0.805668,0.876
0.082589,-0.804661,0.923
0.109011,-0.803141,0.969
0.133799,-0.801014,1.015
0.158685,-0.797796,1.062
0.183956,-0.79713,1.107
0.21032,-0.796054,1.155
0.234547,-0.793692,1.2
0.258548,-0.791975,1.247
0.283904,-0.789333,1.293
0.308635,-0.787811,1.339
0.33395,-0.78682,1.385
0.359469,-0.785925,1.431
0.383901,-0.785955,1.478
0.408907,-0.784648,1.524
0.434301,-0.783252,1.57
0.459904,-0.782076,1.617
0.54759,-0.780745,1.663
0.628783,-0.75965,1.825
0.653956,-0.75471,1.976
0.679191,-0.74838,2.023
0.704168,-0.742449,2.069
0.729843,-0.736028,2.116
0.755366,-0.729232,2.162
0.780079,-0.721985,2.208
0.804661,-0.714393,2.254
0.829063,-0.706076,2.3
0.854018,-0.697302,2.346
0.879087,-0.68919,2.392
0.903929,-0.681408,2.438
0.929419,-0.671173,2.483
0.954702,-0.661474,2.53
0.979727,-0.654668,2.576
1.004391,-0.646416,2.623
1.029055,-0.638718,2.669
1.053935,-0.632808,2.715
1.143073,-0.625742,2.761
1.224974,-0.604276,2.925
1.250226,-0.602078,3.076
1.275485,-0.599456,3.123
1.300705,-0.597559,3.17
1.326049,-0.596655,3.216
1.350795,-0.593798,3.262
1.374714,-0.592463,3.308
1.400016,-0.591588,3.354
1.4248,-0.58972,3.4
1.450293,-0.587886,3.446
1.475239,-0.581609,3.492
1.500184,-0.577456,3.538
1.525842,-0.571135,3.584
1.550819,-0.565953,3.632
1.575476,-0.561285,3.677
1.600118,-0.554129,3.724
1.625704,-0.547947,3.771
1.650361,-0.539617,3.817
1.73869,-0.531666,3.863
1.935653,-0.432637,4.025
1.960605,-0.422178,4.389
1.986184,-0.411639,4.436
2.011251,-0.401521,4.482
2.036443,-0.393311,4.528
2.061268,-0.385333,4.574
2.085768,-0.375845,4.62
2.110745,-0.368448,4.666
2.136031,-0.359855,4.713
2.161382,-0.350857,4.759
2.186519,-0.342113,4.806
2.21211,-0.333255,4.853
2.237185,-0.322701,4.899
2.262203,-0.311966,4.945
2.461127,-0.300425,4.991
2.485946,-0.210277,5.359
2.510742,-0.199622,5.405
2.535419,-0.189077,5.451
2.560934,-0.177692,5.497
2.586067,-0.167976,5.544
2.611387,-0.160206,5.59
2.636642,-0.153445,5.636
2.661625,-0.146174,5.682
2.686995,-0.139293,5.728
2.711742,-0.132946,5.775
2.736401,-0.124996,5.821
2.761456,-0.119269,5.868
2.786236,-0.115281,5.914
2.811747,-0.110664,5.96
2.836762,-0.10669,6.006
2.930813,-0.102908,6.053
3.011806,-0.098051,6.225
3.037306,-0.098251,6.376
3.062283,-0.099564,6.423
3.087746,-0.099345,6.469
3.113128,-0.100195,6.516
3.138958,-0.100125,6.563
3.164064,-0.099654,6.609
3.188625,-0.099385,6.656
3.213629,-0.097906,6.702
3.238717,-0.097636,6.749
3.263655,-0.097355,6.795
3.289037,-0.097416,6.842
3.313732,-0.096591,6.888
3.338709,-0.097265,6.933
3.364258,-0.099275,6.98
3.389708,-0.098369,7.026
3.414361,-0.099125,7.072
3.439724,-0.099385,7.119
3.525925,-0.10059,7.166
3.607865,-0.112982,7.325
3.632856,-0.11503,7.476
3.657897,-0.11685,7.522
3.682947,-0.116786,7.568
3.707607,-0.118774,7.614
3.732509,-0.118764,7.66
3.757112,-0.116666,7.707
3.782681,-0.115041,7.754
3.807469,-0.112852,7.8
3.832787,-0.109814,7.846
3.858513,-0.105387,7.893
3.883624,-0.101199,7.939
3.908622,-0.098251,7.984
3.932148,-0.091844,8.03
3.957652,-0.087287,8.077
3.983135,-0.082865,8.123
4.007676,-0.080111,8.17
4.033468,-0.077592,8.216
4.121244,-0.075028,8.262
4.203809,-0.054471,8.425
4.229031,-0.0462,8.577
4.241053,-0.03531,8.623
4.278402,-0.031477,8.669
4.303021,-0.024722,8.715
4.328636,-0.016551,8.762
4.353901,-0.010459,8.808
4.379105,-0.003604,8.854
4.404562,0.003543,8.9
4.429662,0.011913,8.946
4.455091,0.020482,8.993
4.479314,0.028898,9.039
4.504156,0.037689,9.085
4.528717,0.04391,9.132
4.554367,0.046647,9.178
4.579018,0.050726,9.224
4.604371,0.05475,9.271
4.629923,0.057893,9.317
4.717095,0.061816,9.363
4.914896,0.088271,9.525
4.940241,0.088907,9.889
4.965279,0.087126,9.936
4.988971,0.084503,9.981
5.014034,0.080954,10.028
5.039618,0.077206,10.074
5.064809,0.072902,10.12
5.089841,0.067897,10.166
5.11452,0.061281,10.213
5.140207,0.054295,10.258
5.165126,0.046877,10.305
5.190427,0.038204,10.352
5.214222,0.032401,10.398
5.239241,0.025695,10.443
5.438021,0.018789,10.49
5.463237,-0.012075,10.856
5.489067,-0.01069,10.903
5.513916,-0.008352,10.949
5.539016,-0.006398,10.996
5.564372,-0.007147,11.042
5.588871,-0.004959,11.088
5.613989,-0.004239,11.135
5.638722,-0.003965,11.181
5.663719,-0.001596,11.227
5.689004,0.000698,11.273
5.714459,0.002167,11.32
5.739828,0.002428,11.366
5.764617,0.003232,11.412
5.790502,0.004596,11.458
5.815361,0.004887,11.505
5.908882,0.006614,11.552
5.99094,0.01357,11.725
6.016386,0.014201,11.876
6.041418,0.013077,11.923
6.066706,0.012957,11.97
6.09172,0.009953,12.016
6.116052,0.00545,12.062
6.141319,0.002047,12.109
6.165807,-0.001015,12.155
6.191792,-0.003184,12.201
6.216941,-0.007498,12.248
6.241931,-0.0103,12.293
6.267369,-0.014193,12.339
6.291965,-0.01857,12.386
6.317223,-0.02158,12.432
6.341231,-0.025023,12.478
6.365851,-0.028436,12.524
6.391341,-0.035382,12.57
6.416313,-0.042447,12.616
6.504262,-0.049958,12.662
6.586899,-0.095067,12.825
6.611961,-0.104211,12.976
6.636654,-0.112353,13.023
6.66152,-0.118964,13.069
6.686276,-0.126834,13.116
6.711783,-0.13415,13.162
6.737061,-0.139393,13.208
6.762002,-0.143245,13.255
6.787659,-0.145914,13.301
6.812783,-0.146224,13.347
6.837918,-0.1442,13.393
6.862655,-0.143515,13.44
6.887426,-0.140222,13.487
6.912288,-0.138497,13.533
6.937438,-0.138044,13.579
6.962814,-0.135735,13.625
6.987914,-0.136529,13.672
7.012831,-0.138098,13.718
7.100113,-0.138808,13.764
7.18191,-0.148613,13.925
7.207202,-0.151655,14.077
7.232173,-0.154024,14.123
7.257427,-0.155953,14.17
7.282366,-0.158282,14.215
7.307944,-0.159567,14.262
7.33306,-0.163759,14.308
7.35824,-0.166573,14.355
7.383347,-0.167956,14.401
7.407297,-0.170825,14.447
7.432746,-0.17342,14.493
7.457842,-0.175183,14.54
7.483486,-0.177222,14.586
7.509499,-0.180705,14.633
7.534497,-0.182021,14.68
7.559547,-0.181235,14.726
7.584381,-0.183007,14.772
7.610009,-0.182857,14.818
7.696721,-0.183893,14.864
7.893045,-0.221462,15.025
7.917642,-0.23011,15.388
7.942958,-0.237136,15.435
7.968806,-0.241586,15.482
7.993709,-0.247056,15.528
8.018926,-0.25129,15.574
8.044238,-0.25772,15.621
8.069392,-0.262475,15.667
8.094178,-0.264967,15.713
8.11862,-0.266063,15.759
8.143365,-0.266343,15.804
8.168363,-0.265863,15.851
8.193726,-0.265252,15.897
8.218968,-0.263741,15.943
8.417994,-0.260828,15.989
8.44343,-0.201229,16.357
8.468505,-0.19151,16.404
8.493633,-0.18161,16.45
8.517734,-0.173889,16.496
8.542742,-0.167937,16.542
8.567746,-0.16115,16.588
8.593146,-0.154899,16.635
8.618447,-0.148363,16.681
8.643558,-0.14499,16.727
8.668947,-0.140497,16.774
8.694014,-0.137533,16.821
8.719624,-0.134984,16.866
8.743642,-0.133611,16.913
8.7689,-0.132327,16.959
8.793715,-0.130587,17.005
8.887749,-0.130277,17.052
8.970374,-0.128699,17.225
8.994489,-0.129142,17.376
9.019358,-0.127829,17.422
9.044107,-0.12624,17.468
9.069632,-0.123822,17.514
9.094093,-0.121303,17.561
9.119578,-0.118583,17.606
9.14501,-0.115161,17.652
9.170391,-0.112393,17.699
9.195694,-0.106197,17.746
9.220873,-0.101008,17.792
9.245019,-0.095772,17.838
9.270101,-0.089556,17.885
9.295202,-0.084518,17.932
9.320407,-0.076113,17.978
9.345924,-0.068423,18.024
9.371322,-0.060906,18.07
9.396483,-0.05369,18.117
9.483819,-0.047549,18.163
9.565406,0.004877,18.324
9.590671,0.014382,18.477
9.615611,0.025314,18.522
9.64031,0.037188,18.569
9.666098,0.04957,18.615
9.690893,0.061561,18.661
9.716389,0.071886,18.707
9.74132,0.084422,18.754
9.766083,0.094633,18.8
9.791023,0.106719,18.846
9.81586,0.117705,18.893
9.841077,0.12846,18.938
9.866245,0.136573,18.985
9.891532,0.143014,19.032
9.917233,0.151707,19.078
9.941912,0.158229,19.124
9.966889,0.165025,19.17
9.991707,0.169819,19.217
10.080174,0.173438,19.263
10.160822,0.196666,19.424
10.186437,0.201886,19.576
10.211235,0.208687,19.622
10.236994,0.215854,19.669
10.262017,0.224251,19.715
10.286712,0.233135,19.76
10.311683,0.240222,19.808
10.335803,0.249956,19.854
10.361141,0.257487,19.9
10.386097,0.267063,19.945
10.411824,0.276023,19.992
10.4372,0.286552,20.039
10.462365,0.296562,20.085
10.487659,0.305687,20.132
10.512431,0.315692,20.177
10.537265,0.322899,20.224
10.561577,0.332707,20.27
10.586577,0.341847,20.316
10.674755,0.349619,20.362
10.871551,0.421923,20.525
10.897139,0.427895,20.889
10.92275,0.432687,20.936
10.947556,0.435826,20.981
10.973013,0.438969,21.028
10.998383,0.441438,21.074
11.022897,0.442372,21.121
11.047342,0.44455,21.167
11.072821,0.444027,21.214
11.097968,0.445715,21.26
11.123497,0.443887,21.306
11.148835,0.443616,21.353
11.173609,0.442432,21.399
11.38537,0.440957,21.445
11.410628,0.443707,21.837
11.435422,0.446046,21.883
11.460657,0.449419,21.93
11.48563,0.450323,21.975
11.510704,0.454227,22.021
11.536247,0.458178,22.067
11.560869,0.462077,22.114
11.585295,0.468204,22.16
11.610309,0.471562,22.206
11.635703,0.478368,22.253
11.661211,0.483423,22.3
11.68636,0.489884,22.346
11.711081,0.496811,22.392
11.735963,0.503557,22.438
11.761466,0.509477,22.484
11.78671,0.514773,22.531
11.869168,0.521529,22.577
11.948051,0.558269,22.731
11.972729,0.565426,22.875
11.997971,0.5699,22.922
12.02349,0.575061,22.968
12.048041,0.58032,23.014
12.073428,0.584319,23.06
12.098353,0.591146,23.107
12.12335,0.596996,23.152
12.147994,0.602867,23.199
12.172891,0.609173,23.245
12.198309,0.613977,23.292
12.223685,0.62214,23.339
12.249377,0.6281,23.385
12.274761,0.634532,23.432
12.300011,0.64362,23.478
12.324848,0.651168,23.524
12.3498,0.657584,23.571
12.374603,0.663233,23.617
12.462707,0.670711,23.663
12.543992,0.697937,23.825
12.569491,0.703243,23.976
12.59511,0.708066,24.023
12.620356,0.712843,24.069
12.64556,0.717861,24.116
12.670156,0.722178,24.162
12.695538,0.726591,24.209
12.720098,0.730334,24.256
12.74513,0.734262,24.301
12.770444,0.736761,24.348
12.795306,0.740723,24.394
12.821099,0.745431,24.441
12.846192,0.748705,24.487
12.871186,0.754106,24.532
12.896071,0.758429,24.579
12.920881,0.763631,24.625
12.945943,0.770533,24.672
12.97084,0.776129,24.719
13.057725,0.78357,24.764
13.176491,0.807976,24.925
13.201265,0.816481,25.143
13.2272,0.823737,25.19
13.252403,0.829034,25.237
13.277617,0.835471,25.283
13.302423,0.840249,25.329
13.327126,0.842567,25.376
13.352221,0.846924,25.422
13.377267,0.847325,25.469
13.402406,0.851467,25.515
13.427599,0.85495,25.561
13.452857,0.857914,25.607
13.478331,0.860583,25.654
13.503964,0.862341,25.701
13.529026,0.866025,25.747
13.553897,0.865694,25.793
13.578906,0.863966,25.84
13.698321,0.862101,25.887
13.850928,0.842296,26.108
13.8764,0.842021,26.389
13.90204,0.842737,26.436
13.926667,0.841813,26.482
13.951698,0.844645,26.529
13.975987,0.846829,26.575
14.001427,0.849653,26.621
14.026475,0.849158,26.668
14.051931,0.851118,26.714
14.07703,0.851741,26.76
14.102284,0.851621,26.806
14.127581,0.852142,26.853
14.152243,0.851188,26.899
14.176926,0.853456,26.945
14.37543,0.853046,26.991
14.400571,0.848018,27.359
14.425598,0.845266,27.404
14.450838,0.841763,27.451
14.476458,0.839094,27.497
14.501339,0.834116,27.543
14.526515,0.829064,27.589
14.551385,0.824851,27.636
14.575987,0.820334,27.681
14.60036,0.816731,27.728
14.625143,0.810618,27.774
14.650935,0.807686,27.82
14.675917,0.803712,27.867
14.701551,0.80041,27.913
14.726532,0.79852,27.959
14.751945,0.794688,28.006
14.845736,0.792708,28.051
14.926765,0.769541,28.224
14.952037,0.769266,28.376
14.976569,0.766458,28.421
15.002959,0.766138,28.468
15.027763,0.765384,28.514
15.052298,0.765284,28.56
15.076944,0.767643,28.606
15.102299,0.768306,28.653
15.127569,0.769961,28.7
15.153046,0.772864,28.746
15.17822,0.774268,28.792
15.203511,0.775944,28.838
15.228834,0.775513,28.884
15.254063,0.776467,28.931
15.27812,0.775463,28.977
15.302368,0.775068,29.023
15.327779,0.77217,29.069
15.35303,0.768366,29.115
15.441298,0.765503,29.162
15.523941,0.733352,29.324
15.548667,0.728083,29.475
15.573612,0.721688,29.522
15.598492,0.715325,29.569
15.623399,0.707535,29.615
15.648644,0.699424,29.662
15.673796,0.694077,29.708
15.699282,0.686247,29.754
15.724357,0.679189,29.801
15.750015,0.671025,29.847
15.774912,0.66594,29.893
15.800168,0.658118,29.939
15.825086,0.65048,29.985
15.849978,0.644064,30.032
15.874398,0.633038,30.079
15.899577,0.625822,30.125
15.924668,0.617639,30.172
15.950473,0.609877,30.218
16.037246,0.601744,30.265
16.119775,0.556791,30.425
16.144176,0.551341,30.577
16.16899,0.542547,30.623
16.194101,0.53521,30.669
16.219768,0.528784,30.715
16.245025,0.522173,30.762
16.270064,0.514956,30.808
16.295212,0.507394,30.855
16.320475,0.500267,30.901
16.345846,0.49288,30.947
16.370187,0.487895,30.993
16.395018,0.482385,31.04
16.420045,0.475809,31.085
16.445502,0.469878,31.133
16.470713,0.462924,31.179
16.495571,0.458391,31.225
16.521119,0.45272,31.272
16.546589,0.448523,31.318
16.633359,0.445704,31.365
16.830401,0.406131,31.525
16.855001,0.402976,31.888
16.879589,0.399918,31.935
16.904558,0.398413,31.98
16.930413,0.396325,32.027
16.955315,0.391758,32.073
16.980647,0.390924,32.12
17.005722,0.388235,32.166
17.030814,0.388525,32.213
17.0564,0.386646,32.259
17.081323,0.384942,32.306
17.106539,0.384662,32.352
17.130997,0.383517,32.399
17.156128,0.385022,32.445
17.355091,0.38698,32.491
17.380377,0.409824,32.858
17.405923,0.412123,32.905
17.430502,0.413137,32.951
17.456107,0.415485,32.997
17.48127,0.415864,33.044
17.505905,0.416289,33.09
17.530166,0.417233,33.136
17.555051,0.418193,33.181
17.580228,0.418193,33.227
17.605404,0.417374,33.274
17.630886,0.418073,33.32
17.656165,0.415305,33.367
17.680969,0.414421,33.412
17.70625,0.41378,33.458
17.730428,0.411702,33.505
17.824026,0.410317,33.551
17.907032,0.396884,33.725
17.932205,0.39487,33.877
17.956957,0.393122,33.923
17.981552,0.394026,33.969
18.006079,0.393132,34.015
18.030941,0.393122,34.061
18.056911,0.393926,34.108
18.082071,0.392832,34.154
18.107574,0.393766,34.2
18.132559,0.392902,34.246
18.157714,0.393122,34.292
18.182954,0.391908,34.339
18.207032,0.392397,34.385
18.231633,0.391578,34.431
18.256783,0.389669,34.477
18.28234,0.38773,34.524
18.306831,0.382892,34.57
18.33293,0.380593,34.616
18.420381,0.374232,34.663
18.502288,0.322677,34.825
18.527227,0.312306,34.977
18.552093,0.299538,35.023
18.577454,0.286595,35.069
18.602241,0.273342,35.115
18.627807,0.259149,35.161
18.652732,0.245545,35.208
18.678065,0.232883,35.254
18.70328,0.221232,35.301
18.728716,0.206618,35.347
18.753583,0.194667,35.393
18.778019,0.180744,35.44
18.803117,0.164023,35.486
18.828493,0.148654,35.533
18.853616,0.132152,35.579
18.878901,0.116172,35.625
18.90381,0.100017,35.671
18.929125,0.085824,35.718
19.016621,0.070875,35.764
19.098215,-0.006664,35.924
19.123415,-0.016448,36.077
19.148363,-0.028782,36.123
19.173315,-0.03869,36.169
19.198807,-0.048395,36.215
19.224243,-0.056675,36.262
19.249007,-0.064136,36.309
19.274902,-0.07417,36.356
19.299159,-0.08306,36.402
19.323848,-0.093365,36.449
19.349597,-0.102439,36.494
19.374518,-0.110799,36.541
19.399762,-0.121549,36.588
19.425106,-0.129379,36.634
19.450653,-0.139689,36.68
19.475456,-0.146785,36.727
19.500767,-0.155684,36.773
19.525984,-0.163444,36.819
19.611862,-0.173091,36.866
19.808618,-0.251425,37.025
19.833583,-0.254934,37.39
19.859102,-0.258883,37.436
19.883889,-0.261175,37.481
19.909394,-0.265243,37.528
19.934947,-0.268351,37.574
19.959546,-0.271334,37.621
19.984942,-0.274887,37.667
20.009304,-0.276483,37.714
20.034565,-0.279366,37.76
20.059565,-0.280262,37.806
20.084289,-0.280858,37.851
20.110059,-0.282745,37.898
20.13481,-0.284026,37.944
20.33355,-0.285122,37.991
20.358717,-0.285496,38.357
20.383704,-0.285937,38.404
20.40846,-0.286017,38.45
20.432751,-0.284571,38.496
20.458005,-0.284661,38.542
20.482907,-0.283455,38.588
20.508708,-0.283385,38.634
20.533587,-0.284931,38.681
20.558708,-0.284206,38.727
20.584067,-0.284791,38.773
20.609167,-0.283946,38.819
20.633752,-0.283926,38.866
20.658191,-0.283184,38.911
20.683164,-0.282584,38.958
20.708608,-0.282293,39.004
20.80328,-0.280162,39.051
20.885787,-0.26796,39.225
20.910216,-0.261415,39.377
20.935161,-0.257517,39.423
20.960695,-0.253043,39.47
20.985745,-0.249064,39.515
21.010846,-0.246396,39.562
21.03629,-0.241252,39.608
21.061277,-0.240526,39.654
21.085996,-0.240305,39.7
21.110991,-0.240576,39.747
21.135372,-0.238134,39.793
21.16066,-0.235441,39.839
21.185851,-0.234886,39.885
21.210722,-0.233339,39.931
21.235749,-0.233479,39.978
21.261127,-0.231328,40.024
21.286391,-0.230082,40.07
21.311658,-0.227914,40.117
21.399785,-0.225347,40.163
21.480623,-0.220827,40.325
21.505945,-0.217799,40.477
21.531379,-0.216674,40.523
21.556041,-0.212955,40.569
21.581745,-0.209096,40.615
21.606439,-0.205828,40.661
21.630761,-0.198267,40.707
21.655744,-0.192671,40.753
21.68089,-0.186055,40.8
21.705967,-0.179417,40.846
21.731305,-0.17256,40.893
21.757043,-0.165188,40.94
21.782052,-0.158408,40.986
21.807807,-0.149321,41.033
21.832792,-0.142876,41.079
21.857855,-0.133522,41.126
21.882054,-0.124901,41.171
21.90681,-0.117624,41.217
21.994874,-0.10877,41.264
22.077014,-0.064966,41.425
22.102568,-0.056245,41.577
22.127704,-0.048775,41.623
22.15329,-0.043178,41.67
22.178073,-0.037307,41.716
22.20261,-0.034768,41.763
22.227164,-0.026638,41.809
22.252099,-0.019612,41.855
22.277779,-0.01378,41.902
22.302893,-0.008558,41.947
22.328064,-0.002007,41.993
22.353634,0.009128,42.041
22.37898,0.017448,42.087
22.404297,0.028007,42.133
22.428556,0.037562,42.18
22.452977,0.045235,42.226
22.47758,0.052782,42.271
22.503546,0.059738,42.318
22.590361,0.067006,42.364
22.788153,0.14135,42.524
22.813143,0.149248,42.889
22.838203,0.158988,42.934
22.863074,0.165975,42.981
22.887707,0.176319,43.027
22.912412,0.184101,43.073
22.925873,0.197099,43.12
22.9623,0.200646,43.166
22.987721,0.207853,43.212
23.012777,0.217373,43.257
23.038422,0.223624,43.304
23.063399,0.23041,43.35
23.088639,0.240745,43.397
23.112919,0.248229,43.443
23.311531,0.257105,43.489
23.33617,0.325105,43.856
23.361139,0.334668,43.902
23.386821,0.343674,43.948
23.411973,0.354878,43.994
23.436913,0.365782,44.041
23.462461,0.374956,44.087
23.487816,0.384237,44.134
23.51273,0.394046,44.18
23.536836,0.402796,44.226
23.561735,0.411311,44.272
23.587257,0.417884,44.319
23.612098,0.426434,44.365
23.63724,0.432981,44.411
23.662242,0.439837,44.458
23.687968,0.444364,44.504
23.78303,0.448646,44.549
23.86433,0.460081,44.725
23.889033,0.459296,44.877
23.914494,0.460495,44.923
23.94006,0.459066,44.97
23.965095,0.458376,45.015
23.989968,0.458687,45.062
24.01507,0.456837,45.108
24.03926,0.456598,45.154
24.064173,0.453689,45.2
24.089653,0.456078,45.246
24.114344,0.454368,45.292
24.140157,0.452635,45.339
24.165577,0.454438,45.385
24.190495,0.452985,45.431
24.215651,0.453354,45.477
24.239965,0.452685,45.524
24.264978,0.453344,45.57
24.289417,0.451951,45.616
24.378204,0.450995,45.662
24.460328,0.460172,45.825
24.485703,0.46041,45.977
24.511079,0.462699,46.023
24.536429,0.462834,46.07
24.561733,0.465274,46.117
24.586654,0.469734,46.163
24.611041,0.471636,46.21
24.635922,0.474754,46.256
24.661641,0.477276,46.302
24.686706,0.480069,46.349
24.712046,0.483117,46.395
24.73738,0.486565,46.441
24.762649,0.49219,46.487
24.788037,0.495128,46.534
24.812805,0.498706,46.581
24.837536,0.501369,46.627
24.862029,0.503751,46.673
24.886674,0.510237,46.719
24.973898,0.514005,46.766
25.056559,0.554829,46.925
25.081803,0.562627,47.077
25.106052,0.57129,47.122
25.130977,0.580444,47.17
25.15619,0.590609,47.216
25.180729,0.600638,47.262
25.20614,0.608291,47.308
25.231171,0.617489,47.354
25.256523,0.62919,47.4
25.282026,0.638389,47.446
25.306765,0.65037,47.493
25.331123,0.657777,47.539
25.355359,0.668843,47.585
25.380971,0.678235,47.631
25.406373,0.68663,47.677
25.431717,0.69797,47.723
25.456934,0.708688,47.77
25.482063,0.721137,47.817
25.569629,0.730272,47.863
25.767288,0.865739,48.025
25.79257,0.880162,48.389
25.816875,0.892871,48.436
25.842198,0.906674,48.482
25.866714,0.920332,48.529
25.89215,0.933945,48.574
25.916991,0.948059,48.621
25.942325,0.960875,48.667
25.967857,0.977651,48.713
25.99279,0.991475,48.759
26.018324,1.004102,48.806
26.04312,1.016789,48.852
26.067139,1.030097,48.899
26.09186,1.043429,48.944
26.290727,1.057362,48.99
26.315787,1.15388,49.357
26.340858,1.166309,49.404
26.366694,1.178472,49.45
26.391696,1.19363,49.496
26.416632,1.206791,49.542
26.440835,1.220585,49.588
26.465282,1.235692,49.634
26.490689,1.248599,49.68
26.515634,1.262512,49.727
26.540705,1.275035,49.772
26.566216,1.287213,49.818
26.591556,1.299017,49.866
26.617182,1.31032,49.912
26.641767,1.32279,49.958
26.666248,1.332754,50.004
26.760705,1.343519,50.05
26.843535,1.413991,50.225
26.868806,1.426444,50.377
26.89389,1.438375,50.423
26.919101,1.449345,50.47
26.943984,1.461157,50.517
26.968723,1.468774,50.562
26.993291,1.478818,50.609
27.018464,1.486876,50.655
27.043424,1.492677,50.701
27.068593,1.499322,50.747
27.093837,1.504138,50.793
27.119357,1.510298,50.839
27.144346,1.513196,50.885
27.169407,1.515548,50.932
27.194663,1.518906,50.979
27.218772,1.521649,51.025
27.243795,1.525938,51.072
27.269532,1.526253,51.118
27.356136,1.525688,51.164
27.439475,1.534575,51.325
27.464164,1.53602,51.477
27.489149,1.538055,51.523
27.513882,1.541068,51.57
27.539204,1.545547,51.616
27.564181,1.548339,51.662
27.589347,1.552413,51.709
27.614804,1.558603,51.755
27.639956,1.56475,51.801
27.664988,1.571611,51.847
27.689919,1.577603,51.893
27.71436,1.583255,51.94
27.73942,1.589457,51.987
27.764397,1.595845,52.032
27.790071,1.602611,52.078
27.81505,1.607528,52.125
27.840365,1.613881,52.171
27.865125,1.61984,52.218
27.952809,1.628131,52.264
28.034478,1.684206,52.425
28.059321,1.693601,52.576
28.084338,1.704834,52.623
28.109025,1.713964,52.669
28.134691,1.725628,52.714
28.159764,1.735698,52.76
28.185039,1.747514,52.807
28.210212,1.758299,52.854
28.234845,1.768653,52.9
28.259167,1.778593,52.946
28.283954,1.786475,52.992
28.309258,1.796305,53.038
28.334352,1.807225,53.083
28.359388,1.815968,53.13
28.384409,1.826324,53.176
28.40955,1.835027,53.222
28.435051,1.843935,53.269
28.459231,1.853089,53.315
28.548655,1.862143,53.361
28.745121,1.967975,53.525
28.769863,1.977719,53.89
28.795447,1.9859,53.936
28.820801,1.995126,53.982
28.846041,2.003046,54.028
28.870972,2.01481,54.075
28.896721,2.023904,54.121
28.921518,2.034389,54.168
28.947336,2.044069,54.214
28.971475,2.053694,54.26
28.995888,2.065002,54.306
29.021057,2.074054,54.353
29.04603,2.085417,54.399
29.07133,2.093367,54.445
29.270293,2.103651,54.491
29.295318,2.17501,54.858
29.320525,2.183032,54.904
29.345723,2.192621,54.951
29.371011,2.202936,54.996
29.395126,2.210798,55.043
29.419988,2.218677,55.09
29.445193,2.225753,55.136
29.470093,2.234451,55.182
29.495531,2.240783,55.228
29.520916,2.250161,55.274
29.546121,2.256102,55.321
29.571642,2.263649,55.368
29.596851,2.271131,55.414
29.620704,2.278228,55.46
29.645902,2.287097,55.506
29.739362,2.29518,55.553
29.822103,2.334947,55.724
29.847103,2.340958,55.877
29.871446,2.346298,55.923
29.896806,2.353966,55.97
29.922052,2.360056,56.015
29.947309,2.369304,56.063
29.972468,2.377798,56.108
29.99815,2.38714,56.156
30.023235,2.395332,56.202
30.048195,2.401034,56.249
30.073331,2.408734,56.294
30.098006,2.414655,56.341
30.122918,2.423296,56.388
30.148208,2.429587,56.434
30.172964,2.435844,56.48
30.19826,2.442585,56.527
30.22389,2.449253,56.573
30.248865,2.456329,56.62
30.335024,2.46247,56.666
30.417095,2.50912,56.824
30.441401,2.517879,56.977
30.46659,2.52519,57.022
30.492223,2.534062,57.068
30.517099,2.540323,57.115
30.542881,2.548393,57.162
30.568173,2.55518,57.208
30.593123,2.561042,57.254
30.617604,2.569103,57.301
30.642164,2.574684,57.347
30.667347,2.582885,57.393
30.692495,2.588361,57.44
30.71818,2.595318,57.486
30.742987,2.602006,57.532
30.768123,2.607647,57.578
30.792898,2.614664,57.624
30.818104,2.620219,57.67
30.842789,2.628796,57.716
30.931097,2.635398,57.763
31.012707,2.675476,57.925
31.037624,2.683259,58.077
31.062924,2.690495,58.123
31.088206,2.701171,58.169
31.113732,2.708022,58.215
31.138419,2.717401,58.262
31.163043,2.721926,58.307
31.187643,2.727251,58.353
31.212768,2.731665,58.4
31.23835,2.736479,58.447
31.26331,2.743166,58.493
31.288714,2.74813,58.54
31.313883,2.754937,58.586
31.339359,2.762839,58.632
31.364371,2.770176,58.678
31.388218,2.779395,58.724
31.413107,2.785186,58.77
31.438501,2.793103,58.817
31.525775,2.797708,58.864
31.723657,2.850392,59.025
31.74859,2.858227,59.389
31.773818,2.862724,59.435
31.798674,2.870256,59.481
31.823834,2.874169,59.527
31.848186,2.880272,59.573
31.872814,2.886222,59.618
31.897639,2.892459,59.665
31.922312,2.897956,59.71
31.947889,2.904028,59.756
31.973181,2.90932,59.803
31.998421,2.91207,59.85
32.023529,2.914742,59.896
32.048098,2.91856,59.942
32.246962,2.91885,59.987
32.270926,2.905043,60.354
32.296497,2.901351,60.401
32.321533,2.894533,60.447
32.347242,2.891335,60.493
32.371983,2.885128,60.539
32.397308,2.879812,60.585
32.422244,2.87115,60.632
32.446881,2.867343,60.678
32.471691,2.862276,60.724
32.495944,2.857148,60.77
32.521783,2.85226,60.816
32.546716,2.845625,60.863
32.571949,2.840023,60.909
32.597673,2.834765,60.955
32.622448,2.829154,61.001
32.718326,2.822989,61.048
32.799713,2.786451,61.225
32.824923,2.779069,61.377
32.849579,2.772113,61.422
32.874915,2.767098,61.468
32.900459,2.759951,61.515
32.925365,2.758484,61.561
32.95115,2.755166,61.608
32.975465,2.751678,61.654
32.999594,2.750722,61.699
33.024877,2.747394,61.746
33.049983,2.747164,61.792
33.075449,2.74816,61.839
33.100501,2.74829,61.885
33.126272,2.750512,61.931
33.151116,2.749717,61.977
33.176233,2.755106,62.024
33.200171,2.756633,62.069
33.225085,2.760251,62.116
33.313871,2.761297,62.161
33.395661,2.773574,62.325
33.421501,2.774175,62.477
33.446553,2.773594,62.524
33.471908,2.775531,62.57
33.49719,2.773249,62.617
33.521439,2.77477,62.662
33.546138,2.772638,62.709
33.570986,2.773284,62.754
33.59628,2.772628,62.801
33.621451,2.771492,62.847
33.646645,2.770006,62.893
33.671889,2.765782,62.94
33.697183,2.763965,62.985
33.722174,2.762044,63.032
33.746215,2.7594,63.077
33.770668,2.757994,63.123
33.795627,2.755952,63.17
33.82101,2.755287,63.216
33.908816,2.755127,63.262
33.991848,2.767349,63.425
34.017249,2.772447,63.577
34.042213,2.776206,63.623
34.066258,2.781261,63.669
34.09058,2.786191,63.714
34.116116,2.792241,63.761
34.141725,2.79576,63.807
34.166481,2.799869,63.853
34.19174,2.804493,63.9
34.217138,2.808702,63.946
34.242282,2.813101,63.992
34.267215,2.814594,64.038
34.292163,2.81847,64.085
34.304968,2.822328,64.132
34.341902,2.824606,64.178
34.366839,2.829053,64.223
34.392355,2.832317,64.27
34.417634,2.838158,64.317
34.505072,2.84275,64.363
34.702675,2.896023,64.525
34.727654,2.906018,64.889
34.752729,2.916151,64.935
34.77732,2.925346,64.981
34.801722,2.932047,65.027
34.826893,2.941858,65.074
34.852237,2.947719,65.12
34.877642,2.955306,65.167
34.902794,2.961526,65.212
34.928311,2.96691,65.259
34.953782,2.972195,65.306
34.979033,2.975709,65.352
35.004458,2.982267,65.398
35.028219,2.985199,65.445
35.227036,3.005673,65.491
35.265265,3.006547,65.882
35.290448,3.007712,65.928
35.315181,3.010321,65.974
35.340025,3.00995,66.02
35.365154,3.013904,66.067
35.389952,3.013944,66.113
35.415196,3.016561,66.16
35.440256,3.018271,66.205
35.466518,3.023199,66.252
35.491401,3.02714,66.298
35.516422,3.031515,66.345
35.541443,3.036449,66.391
35.565803,3.0423,66.437
35.590821,3.04797,66.483
35.615458,3.053175,66.53
35.700241,3.060336,66.576
35.778766,3.092572,66.73
35.804256,3.099989,66.877
35.82948,3.108072,66.923
35.854363,3.116335,66.97
35.879876,3.123352,67.015
35.904179,3.13281,67.062
35.928781,3.137881,67.108
35.953488,3.146819,67.154
35.978931,3.151153,67.201
36.004594,3.157825,67.247
36.029696,3.163325,67.293
36.055658,3.169185,67.34
36.080268,3.178069,67.386
36.105674,3.18536,67.433
36.130591,3.193088,67.479
36.155405,3.201636,67.526
36.180637,3.208873,67.572
36.205121,3.217426,67.619
36.291844,3.22223,67.664
36.375363,3.243279,67.825
36.400046,3.244039,67.976
36.424864,3.245979,68.023
36.449758,3.248189,68.069
36.47468,3.249694,68.116
36.499286,3.254422,68.162
36.524488,3.25663,68.207
36.549712,3.261696,68.254
36.575164,3.264891,68.3
36.600231,3.269388,68.347
36.625106,3.274759,68.393
36.650485,3.278933,68.439
36.675076,3.283969,68.486
36.700304,3.28976,68.532
36.72521,3.296018,68.579
36.7506,3.303174,68.625
36.775214,3.312116,68.671
36.800397,3.32095,68.716
36.88798,3.328547,68.763
36.970416,3.383846,68.925
36.995157,3.391436,69.077
37.020286,3.400627,69.123
37.045579,3.409962,69.169
37.070704,3.417523,69.216
37.095883,3.426978,69.263
37.1214,3.434573,69.309
37.146187,3.443489,69.354
37.171592,3.44871,69.401
37.195968,3.454008,69.447
37.220328,3.458086,69.492
37.245399,3.461254,69.539
37.270517,3.465757,69.586
37.295438,3.465667,69.631
37.320778,3.465307,69.677
37.346033,3.464662,69.723
37.371043,3.462209,69.769
37.396026,3.462814,69.816
37.483848,3.461533,69.862
37.682361,3.459626,70.024
37.707367,3.460097,70.389
37.7324,3.46272,70.436
37.756983,3.467283,70.483
37.782573,3.469686,70.529
37.807556,3.47429,70.576
37.83263,3.477228,70.621
37.85726,3.481407,70.666
37.882896,3.48552,70.713
37.908382,3.487892,70.759
37.932454,3.494939,70.806
37.957829,3.498928,70.853
37.982827,3.505725,70.899
38.007333,3.509894,70.945
38.206519,3.515899,70.991
38.232282,3.557223,71.359
38.257015,3.560902,71.405
38.282239,3.565216,71.451
38.307914,3.568084,71.498
38.33272,3.571107,71.543
38.357948,3.576097,71.591
38.382889,3.579119,71.637
38.407338,3.584024,71.684
38.43272,3.586941,71.73
38.458144,3.592872,71.776
38.483227,3.596932,71.822
38.508045,3.60023,71.869
38.53335,3.603938,71.915
38.558706,3.605559,71.961
38.582797,3.609098,72.007
38.675513,3.611275,72.053
38.758971,3.631079,72.225
38.783877,3.63287,72.377
38.809374,3.633977,72.423
38.833781,3.634437,72.47
38.858299,3.634047,72.516
38.883408,3.633806,72.562
38.907926,3.63257,72.608
38.933182,3.63268,72.654
38.95871,3.630759,72.699
38.984027,3.629602,72.746
39.008434,3.628166,72.792
39.033355,3.624297,72.838
39.058599,3.623972,72.885
39.082706,3.622316,72.931
39.108426,3.621199,72.977
39.133824,3.619188,73.024
39.159049,3.614879,73.07
39.183659,3.614122,73.115
39.27203,3.610029,73.162
39.354823,3.577148,73.325
39.380217,3.569801,73.477
39.404266,3.561172,73.524
39.429571,3.553985,73.571
39.455038,3.545613,73.616
39.479518,3.53795,73.662
39.50475,3.528422,73.709
39.53062,3.522761,73.755
39.55608,3.514508,73.802
39.580382,3.506306,73.848
39.604639,3.497793,73.894
39.630271,3.491992,73.94
39.654589,3.485106,73.987
39.680505,3.477909,74.033
39.705715,3.476042,74.079
39.730498,3.473264,74.125
39.755826,3.469416,74.172
39.781624,3.467434,74.218
39.86792,3.465918,74.265
39.949807,3.469435,74.425
39.97462,3.468965,74.577
40.00046,3.470311,74.624
40.025554,3.471838,74.67
40.050372,3.472422,74.716
40.075812,3.473234,74.763
40.101751,3.472793,74.809
40.125977,3.474481,74.855
40.150068,3.476241,74.901
40.175624,3.475686,74.947
40.200514,3.476872,74.994
40.225393,3.477078,75.04
40.251313,3.47999,75.086
40.276673,3.481036,75.132
40.301559,3.481256,75.18
40.3265,3.484084,75.225
40.352508,3.481687,75.272
40.376719,3.482102,75.319
40.463519,3.482683,75.365
40.659539,3.483178,75.525
40.685525,3.484404,75.89
40.710381,3.482633,75.935
40.735555,3.483789,75.981
40.760158,3.482342,76.027
40.786166,3.482152,76.073
40.810938,3.483638,76.12
40.835436,3.484164,76.166
40.860976,3.483629,76.213
40.885909,3.482582,76.259
40.910177,3.483679,76.306
40.935825,3.484764,76.352
40.961399,3.485189,76.399
40.987004,3.48596,76.445
41.185875,3.486191,76.491
41.211599,3.472692,76.858
41.235825,3.467687,76.905
41.260262,3.463324,76.951
41.285453,3.459495,76.997
41.310259,3.45466,77.043
41.335441,3.450494,77.09
41.360946,3.442622,77.136
41.385968,3.436401,77.182
41.410854,3.426947,77.228
41.436609,3.419274,77.275
41.462084,3.413808,77.322
41.486671,3.406018,77.368
41.511281,3.400354,77.414
41.536141,3.393338,77.46
41.561504,3.388801,77.507
41.654466,3.385288,77.553
41.737386,3.360148,77.725
41.761823,3.35488,77.877
41.787132,3.347559,77.923
41.812419,3.34441,77.97
41.836894,3.33793,78.016
41.86235,3.333402,78.063
41.888016,3.32762,78.109
41.913114,3.321189,78.155
41.938089,3.314572,78.201
41.963644,3.306511,78.247
41.987452,3.300734,78.293
42.011931,3.294768,78.339
42.037594,3.290295,78.385
42.062742,3.286237,78.432
42.087678,3.282824,78.477
42.112657,3.281351,78.524
42.138159,3.277667,78.57
42.162803,3.276942,78.616
42.250913,3.277407,78.661
42.332366,3.274868,78.825
42.358094,3.275279,78.977
42.38328,3.274898,79.024
42.408025,3.273438,79.07
42.432965,3.271255,79.116
42.459112,3.270651,79.162
42.483196,3.270391,79.209
42.50839,3.271585,79.254
42.532946,3.274282,79.301
42.557449,3.275802,79.347
42.582627,3.280334,79.393
42.608659,3.285878,79.439
42.633438,3.287836,79.485
42.658217,3.294557,79.531
42.683311,3.301205,79.578
42.709324,3.308401,79.624
42.733239,3.315387,79.67
42.757975,3.322443,79.716
42.846228,3.3294,79.762
42.928498,3.369443,79.925
42.9535,3.376709,80.077
42.978713,3.384034,80.123
43.004572,3.390612,80.17
43.029447,3.396644,80.216
43.053762,3.402365,80.262
43.079424,3.410626,80.309
43.104469,3.418506,80.356
43.129305,3.427761,80.402
43.154638,3.436611,80.449
43.179943,3.446055,80.495
43.205168,3.457714,80.541
43.230181,3.467353,80.587
43.255022,3.477648,80.633
43.280819,3.486446,80.68
43.30458,3.496991,80.725
43.329897,3.50667,80.772
43.354726,3.516249,80.818
43.441319,3.526474,80.864
43.63926,3.630002,81.025
43.664093,3.640622,81.389
43.689767,3.649806,81.436
43.715384,3.660191,81.483
43.739894,3.66982,81.528
43.763874,3.676466,81.574
43.789449,3.688412,81.621
43.814781,3.695787,81.667
43.839526,3.704673,81.714
43.865584,3.713908,81.76
43.890705,3.721575,81.806
43.915592,3.731914,81.853
43.940467,3.73893,81.899
44.15255,3.747161,81.945
44.177648,3.801934,82.338
44.202707,3.809456,82.384
44.228017,3.815368,82.43
44.253787,3.821109,82.477
44.278685,3.828046,82.523
44.303503,3.832803,82.57
44.329119,3.839879,82.616
44.354225,3.843652,82.662
44.378462,3.847789,82.709
44.403568,3.853861,82.755
44.428585,3.857385,82.801
44.453603,3.862112,82.847
44.478516,3.865915,82.892
44.503964,3.874306,82.938
44.527717,3.879407,82.984
44.55184,3.885704,83.029
44.63605,3.892421,83.075
44.714925,3.930977,83.231
44.740138,3.939461,83.377
44.765255,3.947003,83.423
44.791037,3.953839,83.469
44.816127,3.961506,83.515
44.840515,3.967438,83.561
44.865889,3.974013,83.607
44.890903,3.980404,83.654
44.915501,3.988257,83.701
44.940161,3.995419,83.747
44.966312,3.999458,83.793
44.991145,4.006285,83.839
45.016412,4.009583,83.886
45.042743,4.015083,83.933
45.068268,4.016979,83.978
45.092578,4.020728,84.025
45.117423,4.024461,84.071
45.142943,4.027715,84.117
45.229724,4.032825,84.164
45.312317,4.053874,84.325
45.337404,4.058324,84.476
45.362875,4.062217,84.523
45.387546,4.066546,84.569
45.411837,4.072893,84.615
45.436997,4.075235,84.662
45.462256,4.081075,84.707
45.486786,4.08598,84.754
45.512859,4.091586,84.801
45.538057,4.0986,84.848
45.562617,4.103251,84.893
45.588342,4.109927,84.94
45.613524,4.112859,84.986
45.638607,4.118116,85.032
45.662199,4.122133,85.078
45.68742,4.123519,85.124
45.712837,4.125104,85.171
45.738031,4.123619,85.217
45.825365,4.123519,85.263
45.9086,4.09792,85.425
45.93397,4.090079,85.577
45.958369,4.085769,85.623
45.982718,4.079739,85.67
46.00805,4.075685,85.715
46.033375,4.069524,85.762
46.058016,4.064659,85.808
46.084113,4.060115,85.855
46.108819,4.054575,85.901
46.133629,4.050606,85.947
46.158842,4.045621,85.993
46.18434,4.041268,86.04
46.208339,4.037104,86.086
46.23283,4.033365,86.132
46.258527,4.030127,86.178
46.284025,4.025012,86.224
46.308723,4.021624,86.271
46.334663,4.018891,86.317
46.421217,4.016599,86.364
46.619734,4.009056,86.525
46.644475,4.008115,86.89
46.656922,4.010193,86.937
46.694648,4.010888,86.983
46.719588,4.01332,87.029
46.74378,4.015692,87.075
46.769423,4.017724,87.121
46.79489,4.020397,87.168
46.820572,4.020767,87.215
46.845409,4.021133,87.26
46.870234,4.022749,87.307
46.895493,4.024931,87.353
46.919719,4.029105,87.4
47.132213,4.030401,87.446
47.156942,4.05499,87.837
47.183043,4.059119,87.883
47.207546,4.06504,87.93
47.232816,4.068758,87.976
47.257972,4.073462,88.022
47.282509,4.078782,88.069
47.307553,4.084753,88.116
47.333078,4.091868,88.162
47.35826,4.097435,88.209
47.383312,4.105048,88.255
47.408464,4.111574,88.301
47.434323,4.116591,88.347
47.458894,4.123267,88.393
47.483262,4.128924,88.439
47.508372,4.135371,88.486
47.53264,4.140518,88.532
47.6178,4.146429,88.578
47.695353,4.178428,88.733
47.721138,4.186179,88.877
47.745614,4.193699,88.923
47.770339,4.201201,88.969
47.79586,4.206527,89.015
47.820082,4.214008,89.061
47.845169,4.21974,89.109
47.870912,4.225527,89.155
47.896298,4.232563,89.202
47.921266,4.23903,89.249
47.946302,4.244018,89.295
47.97228,4.248894,89.341
47.997539,4.254866,89.387
48.022007,4.259594,89.434
48.047766,4.26556,89.48
48.071742,4.272402,89.526
48.096425,4.278498,89.573
48.122399,4.28539,89.619
48.208258,4.292186,89.666
48.291539,4.340736,89.825
48.316487,4.348424,89.976
48.340971,4.356587,90.023
48.365757,4.364094,90.069
48.39031,4.372086,90.116
48.415684,4.38245,90.162
48.441616,4.388892,90.209
48.466891,4.397145,90.255
48.492181,4.406253,90.302
48.516945,4.414236,90.348
48.542638,4.422284,90.394
48.566388,4.430161,90.44
48.591417,4.437018,90.487
48.616857,4.444035,90.532
48.64159,4.450501,90.579
48.666941,4.458019,90.626
48.692389,4.463124,90.672
48.71769,4.468673,90.718
48.804287,4.476181,90.764
48.923449,4.418661,90.925
48.948451,4.458254,91.144
48.973461,4.485285,91.191
48.998202,4.502165,91.238
49.023065,4.513532,91.284
49.048648,4.51916,91.33
49.074295,4.522703,91.376
49.099066,4.524498,91.423
49.12499,4.523828,91.47
49.150204,4.523114,91.515
49.174706,4.519641,91.563
49.200569,4.518246,91.609
49.225259,4.514167,91.656
49.249581,4.510458,91.702
49.274437,4.503842,91.748
49.300496,4.496626,91.794
49.325755,4.488994,91.841
49.445744,4.47997,91.888
49.597112,4.404691,92.108
49.622148,4.39869,92.39
49.647846,4.391138,92.436
49.672625,4.385387,92.483
49.697934,4.378856,92.529
49.723501,4.374803,92.575
49.748007,4.371769,92.62
49.773443,4.36664,92.667
49.798557,4.362851,92.713
49.82289,4.359012,92.76
49.847381,4.356601,92.806
49.873217,4.354018,92.853
49.898419,4.349103,92.899
49.922975,4.343783,92.944
50.122495,4.337147,92.99
50.147678,4.285618,93.358
50.172099,4.281061,93.405
50.197443,4.277242,93.45
50.22175,4.274195,93.496
50.246049,4.270332,93.542
50.270982,4.267469,93.588
50.296618,4.264384,93.634
50.321708,4.263465,93.68
50.346648,4.26306,93.727
50.371942,4.26316,93.773
50.397278,4.265399,93.819
50.422438,4.267199,93.866
50.447152,4.269758,93.912
50.472476,4.274376,93.958
50.497179,4.278058,94.005
50.591743,4.282115,94.052
50.67411,4.312514,94.224
50.69885,4.318355,94.377
50.723783,4.324425,94.423
50.747986,4.330907,94.469
50.77434,4.33541,94.516
50.79897,4.338133,94.562
50.82363,4.339169,94.608
50.848205,4.338518,94.654
50.874632,4.338223,94.699
50.900184,4.339039,94.746
50.924241,4.340596,94.793
50.949024,4.342298,94.839
50.974498,4.343553,94.886
50.999335,4.347062,94.933
51.024863,4.352651,94.979
51.049846,4.356971,95.025
51.074725,4.361455,95.071
51.0995,4.367026,95.117
51.187687,4.37212,95.163
51.269086,4.391643,95.325
51.294629,4.3931,95.477
51.31917,4.396298,95.523
51.344983,4.398135,95.57
51.370745,4.402568,95.616
51.395233,4.406167,95.663
51.42093,4.410296,95.709
51.445874,4.413234,95.756
51.470869,4.41893,95.802
51.495402,4.423974,95.848
51.520373,4.428168,95.894
51.545729,4.431352,95.941
51.570677,4.432477,95.988
51.595955,4.436741,96.034
51.621733,4.43999,96.08
51.646201,4.443153,96.127
51.671837,4.446201,96.173
51.697242,4.44595,96.219
51.783336,4.446681,96.265
51.865295,4.448783,96.425
51.890116,4.448843,96.577
51.915721,4.452322,96.624
51.940927,4.454584,96.67
51.965795,4.457481,96.716
51.990827,4.459659,96.762
52.016075,4.46209,96.808
52.039137,4.466324,96.854
52.064669,4.469302,96.9
52.09047,4.471574,96.946
52.115587,4.475062,96.992
52.140086,4.478446,97.039
52.165795,4.482981,97.084
52.190739,4.48845,97.131
52.214612,4.494181,97.177
52.239871,4.499016,97.223
52.2652,4.506002,97.27
52.290071,4.512968,97.316
52.378573,4.519719,97.361
52.575826,4.60117,97.525
52.601697,4.60908,97.89
52.627471,4.616872,97.937
52.653018,4.624592,97.983
52.677759,4.632524,98.029
52.702749,4.640574,98.076
52.728147,4.64701,98.122
52.75147,4.653613,98.168
52.777179,4.659214,98.214
52.802012,4.664685,98.26
52.826634,4.671218,98.306
52.852081,4.676154,98.352
52.877917,4.681276,98.399
53.089573,4.687878,98.445
53.114241,4.731141,98.838
53.139907,4.733459,98.884
53.165101,4.737506,98.93
53.190856,4.742112,98.976
53.214975,4.746712,99.023
53.240914,4.751246,99.069
53.266273,4.75564,99.115
53.290165,4.758303,99.161
53.314887,4.760445,99.207
53.339985,4.763372,99.253
53.365152,4.764729,99.3
53.3902,4.765654,99.345
53.416466,4.768077,99.393
53.44103,4.766606,99.439
53.465713,4.76509,99.486
53.491122,4.764879,99.532
53.574011,4.760665,99.578
53.652659,4.752011,99.732
53.677507,4.754724,99.877
53.703024,4.75554,99.923
53.728468,4.75613,99.97
53.753266,4.757822,100.016
53.778479,4.759109,100.062
53.803535,4.759984,100.108
53.828668,4.762216,100.155
53.853351,4.764678,100.201
53.87798,4.765539,100.247
53.902675,4.766726,100.293
53.928288,4.766686,100.34
53.953704,4.766025,100.386
53.979156,4.76565,100.433
54.004607,4.765664,100.479
54.02964,4.764343,100.526
54.04183,4.759398,100.572
54.080105,4.757792,100.618
54.166632,4.754915,100.665
54.248288,4.723313,100.825
54.274224,4.715923,100.977
54.299567,4.710082,101.024
54.324231,4.704594,101.07
54.349214,4.699172,101.116
54.374328,4.692625,101.163
54.398999,4.687519,101.209
54.424301,4.682771,101.255
54.449057,4.678958,101.301
54.473763,4.675975,101.348
54.499334,4.674481,101.393
54.52485,4.67438,101.44
54.550071,4.673686,101.487
54.574785,4.672855,101.533
54.600621,4.671982,101.58
54.625861,4.669432,101.626
54.649991,4.668689,101.672
54.674754,4.665859,101.718
54.761597,4.665335,101.765
54.844924,4.665406,101.925
54.870033,4.66599,102.077
54.89487,4.666619,102.124
54.920003,4.664936,102.17
54.945719,4.665416,102.217
54.969669,4.663146,102.263
54.99532,4.661102,102.31
55.020664,4.659284,102.356
55.045093,4.655761,102.403
55.070883,4.652128,102.449
55.096223,4.64729,102.496
55.121636,4.643033,102.542
55.146035,4.638635,102.588
55.171793,4.636376,102.635
55.197264,4.631883,102.681
55.220918,4.626061,102.727
55.2466,4.61976,102.774
55.271759,4.611996,102.819
55.357334,4.604185,102.867
55.555332,4.521707,103.025
55.580557,4.512333,103.39
55.605567,4.50391,103.436
55.631368,4.493645,103.483
55.655502,4.484512,103.529
55.679912,4.475083,103.575
55.705502,4.464163,103.621
55.730507,4.455389,103.667
55.755544,4.446681,103.714
55.781099,4.438783,103.76
55.805905,4.431516,103.806
55.830365,4.424225,103.852
55.854146,4.417229,103.896
55.879267,4.411102,103.942
56.077869,4.406588,103.988
56.103716,4.40455,104.356
56.128752,4.407133,104.403
56.1539,4.410226,104.449
56.179264,4.41425,104.496
56.2045,4.419865,104.542
56.229882,4.42509,104.588
56.253513,4.429435,104.633
56.278557,4.43498,104.68
56.303874,4.438633,104.726
56.328081,4.441657,104.772
56.353713,4.445635,104.818
56.379106,4.449188,104.865
56.404101,4.452311,104.91
56.429149,4.45573,104.957
56.454612,4.458927,105.002
56.549326,4.46155,105.049
56.6314,4.491888,105.225
56.656571,4.496602,105.378
56.681858,4.502624,105.424
56.707832,4.50907,105.471
56.732326,4.516101,105.517
56.757209,4.524745,105.563
56.782027,4.531414,105.609
56.806963,4.540038,105.655
56.831431,4.550332,105.702
56.856526,4.559198,105.748
56.882473,4.569867,105.794
56.907186,4.582545,105.84
56.932469,4.593034,105.886
56.958328,4.604034,105.933
56.982845,4.615878,105.979
57.006972,4.626422,106.025
57.032189,4.6373,106.072
57.057529,4.649939,106.118
57.143956,4.661612,106.164
57.227644,4.730699,106.325
57.252443,4.740986,106.477
57.278021,4.75166,106.523
57.302508,4.762435,106.57
57.326388,4.771775,106.616
57.352074,4.781544,106.662
57.377475,4.791839,106.708
57.402274,4.801908,106.755
57.428309,4.811057,106.801
57.453434,4.821552,106.848
57.477929,4.829674,106.894
57.503519,4.837452,106.941
57.529262,4.844334,106.986
57.553284,4.851826,107.033
57.577971,4.858742,107.079
57.603457,4.86674,107.127
57.628867,4.873135,107.173
57.653945,4.881118,107.219
57.740265,4.886844,107.266
57.823262,4.936041,107.425
57.848444,4.944434,107.578
57.873396,4.951111,107.624
57.897884,4.959905,107.671
57.923316,4.966939,107.717
57.948556,4.976439,107.763
57.973331,4.985789,107.809
57.999517,4.993889,107.855
58.024177,5.00199,107.902
58.049006,5.009076,107.948
58.073627,5.017267,107.994
58.099232,5.023489,108.04
58.123562,5.030709,108.086
58.148495,5.039211,108.132
58.174065,5.047901,108.179
58.199371,5.058286,108.225
58.224281,5.067719,108.271
58.249321,5.078798,108.318
58.336432,5.088174,108.364
58.53505,5.180092,108.525
58.55931,5.187188,108.89
58.583455,5.193679,108.936
58.608611,5.202277,108.982
58.633809,5.209844,109.028
58.658803,5.216105,109.074
58.683809,5.223222,109.121
58.709622,5.228382,109.167
58.734666,5.23207,109.213
58.758995,5.234303,109.259
58.784243,5.237406,109.306
58.80936,5.239228,109.352
58.833652,5.241339,109.398
58.859357,5.243387,109.444
59.057736,5.245298,109.49
59.082285,5.268246,109.856
59.108086,5.272785,109.903
59.132957,5.275573,109.949
59.157694,5.280657,109.995
59.182826,5.285732,110.042
59.207394,5.291373,110.088
59.231885,5.295877,110.134
59.257187,5.299886,110.181
59.282892,5.304735,110.227
59.308589,5.30963,110.273
59.333633,5.312242,110.32
59.358655,5.313498,110.367
59.384164,5.315085,110.412
59.408651,5.316312,110.459
59.433015,5.318544,110.505
59.527956,5.321901,110.552
59.610215,5.353856,110.725
59.635632,5.360823,110.877
59.660561,5.366934,110.924
59.685797,5.431535,110.971
59.71154,5.353716,111.017
59.735905,5.378305,111.064
59.760549,5.387478,111.11
59.785885,5.394679,111.157
59.811514,5.402153,111.203
59.83637,5.406062,111.249
59.861552,5.410889,111.296
59.887772,5.416177,111.341
59.911971,5.419778,111.387
59.936001,5.425513,111.433
59.961018,5.430783,111.48
59.985609,5.438789,111.526
60.010776,5.44466,111.572
60.036915,5.452703,111.618
60.12244,5.459068,111.664
60.20614,5.50005,111.825
60.229813,5.507277,111.977
60.254799,5.513194,112.023
60.280927,5.521834,112.07
60.305621,5.528017,112.117
60.331138,5.535947,112.162
60.356428,5.543293,112.209
60.381991,5.549929,112.255
60.406743,5.558953,112.301
60.43183,5.567434,112.348
60.456736,5.575299,112.394
60.480727,5.582921,112.44
60.506014,5.590621,112.486
60.53155,5.598599,112.533
60.55634,5.604754,112.578
60.581515,5.61203,112.626
60.607097,5.618122,112.672
60.63309,5.623712,112.719
60.718427,5.627791,112.765
60.800893,5.643291,112.925
60.826456,5.643916,113.078
60.851335,5.645233,113.124
60.876064,5.644467,113.17
60.901712,5.641624,113.217
60.92729,5.640598,113.263
60.952338,5.639512,113.309
60.977451,5.63664,113.356
61.001885,5.634688,113.402
61.027155,5.632696,113.448
61.051923,5.630494,113.494
61.077678,5.62709,113.542
61.103022,5.623692,113.588
61.127079,5.620184,113.634
61.152396,5.615329,113.68
61.178158,5.611715,113.726
61.202968,5.606461,113.772
61.227114,5.603588,113.818
61.315028,5.60087,113.864
61.511524,5.58487,114.024
61.536799,5.581887,114.39
61.562619,5.580262,114.437
61.587276,5.579048,114.483
61.613288,5.578115,114.53
61.638543,5.576106,114.576
61.663227,5.5741,114.622
61.68864,5.572662,114.669
61.713496,5.571677,114.715
61.738102,5.571168,114.76
61.762892,5.570373,114.808
61.788179,5.570154,114.853
61.813465,5.569773,114.9
62.025432,5.571852,114.946
62.049424,5.570014,115.338
62.075018,5.570597,115.383
62.10015,5.570858,115.429
62.125064,5.572661,115.476
62.150807,5.576115,115.522
62.176451,5.578053,115.569
62.201514,5.580633,115.615
62.226478,5.582631,115.661
62.251422,5.587849,115.708
62.275786,5.59141,115.754
62.300116,5.593331,115.8
62.32584,5.597273,115.846
62.35108,5.602058,115.892
62.37564,5.607888,115.938
62.401253,5.611307,115.985
62.426739,5.616806,116.031
62.510193,5.622376,116.078
62.588453,5.639984,116.233
62.613428,5.64095,116.377
62.638737,5.640559,116.424
62.663006,5.639864,116.47
62.68891,5.638708,116.516
62.71427,5.637091,116.562
62.739118,5.63657,116.608
62.764508,5.633842,116.655
62.790658,5.634569,116.701
62.814838,5.634418,116.747
62.838911,5.638167,116.794
62.864696,5.640659,116.841
62.889487,5.643032,116.887
62.914339,5.648157,116.933
62.939356,5.650874,116.98
62.965054,5.654803,117.026
62.989587,5.659277,117.072
63.015061,5.662655,117.118
63.102411,5.668261,117.164
63.183825,5.702473,117.325
63.209426,5.707512,117.478
63.23434,5.712337,117.524
63.260352,5.718237,117.571
63.285258,5.726055,117.617
63.309538,5.733042,117.663
63.334732,5.740723,117.709
63.360475,5.74755,117.755
63.384398,5.754427,117.801
63.409277,5.762293,117.847
63.434724,5.76952,117.894
63.460314,5.776468,117.94
63.484901,5.782894,117.987
63.510226,5.790826,118.033
63.535735,5.797947,118.079
63.560767,5.805711,118.125
63.585523,5.813588,118.171
63.610368,5.820579,118.218
63.697049,5.829489,118.264
63.780015,5.8879,118.425
63.805639,5.898639,118.578
63.830826,5.906944,118.624
63.856335,5.917062,118.671
63.88066,5.925019,118.717
63.905889,5.931576,118.763
63.930726,5.940045,118.81
63.954748,5.947956,118.855
63.980153,5.955926,118.902
64.005916,5.962863,118.948
64.031464,5.969869,118.993
64.05597,5.977395,119.041
64.08161,5.982647,119.087
64.10675,5.986871,119.133
64.130288,5.988708,119.179
64.155751,5.991877,119.225
64.180865,5.993777,119.271
64.205571,5.995795,119.318
64.29317,5.998404,119.363
64.490258,6.021875,119.524
64.515713,6.026109,119.889
64.541276,6.031054,119.936
64.566217,6.03783,119.982
64.590358,6.044702,120.028
64.615137,6.051609,120.073
64.640124,6.059601,120.12
64.664726,6.066002,120.165
64.690197,6.073815,120.212
64.716021,6.079795,120.258
64.7406,6.085295,120.305
64.765871,6.092442,120.351
64.791288,6.096947,120.397
64.815983,6.102532,120.443
65.014569,6.107176,120.49
65.039748,6.13171,120.857
65.064197,6.136405,120.904
65.089767,6.138858,120.95
65.114723,6.142544,120.996
65.140617,6.145077,121.043
65.165718,6.14672,121.089
65.191066,6.147965,121.136
65.216199,6.148971,121.182
65.240156,6.150568,121.228
65.265795,6.152139,121.274
65.290452,6.15288,121.32
65.315438,6.153345,121.367
65.340502,6.153545,121.413
65.366418,6.153906,121.459
65.391743,6.154922,121.506
65.484835,6.155192,121.552
65.566741,6.163234,121.725
65.59192,6.167213,121.877
65.617798,6.170987,121.924
65.642992,6.174975,121.97
65.667709,6.18001,122.017
65.692942,6.185869,122.063
65.718543,6.192867,122.109
65.743153,6.200429,122.155
65.768048,6.208711,122.202
65.793119,6.215589,122.248
65.817752,6.222755,122.294
65.843338,6.22869,122.341
65.868716,6.234299,122.387
65.893718,6.242153,122.434
65.919074,6.24698,122.48
65.944222,6.253416,122.526
65.969523,6.260407,122.573
65.99391,6.267494,122.619
66.08088,6.272576,122.665
66.162893,6.296173,122.824
66.18844,6.296214,122.977
66.214326,6.294719,123.024
66.238175,6.290112,123.07
66.262901,6.28408,123.116
66.288125,6.278799,123.162
66.312935,6.27382,123.208
66.337691,6.267719,123.255
66.363185,6.260058,123.301
66.388179,6.250673,123.346
66.413419,6.242594,123.393
66.439543,6.234121,123.44
66.464714,6.222766,123.486
66.489148,6.212392,123.532
66.513458,6.202116,123.579
66.538522,6.191551,123.625
66.563608,6.181662,123.671
66.588664,6.170391,123.717
66.676148,6.160542,123.764
66.759467,6.115795,123.925
66.784876,6.107641,124.077
66.80924,6.099408,124.124
66.834419,6.091096,124.171
66.859283,6.08456,124.217
66.884,6.078619,124.263
66.909947,6.075805,124.31
66.935072,6.071631,124.356
66.959974,6.070991,124.403
66.985084,6.070656,124.449
67.010455,6.06906,124.494
67.035088,6.070437,124.541
67.059444,6.06926,124.586
67.084462,6.070406,124.634
67.109771,6.071362,124.681
67.134619,6.072759,124.727
67.160951,6.075835,124.773
67.185261,6.076346,124.819
67.271961,6.079885,124.865
67.469918,6.130722,125.025
67.494689,6.135853,125.389
67.519476,6.141792,125.435
67.544739,6.147663,125.482
67.56971,6.156086,125.528
67.594374,6.159985,125.574
67.620344,6.166016,125.62
67.645623,6.173517,125.667
67.670487,6.180493,125.713
67.695788,6.188122,125.758
67.720391,6.193761,125.805
67.744125,6.200242,125.851
67.769711,6.206969,125.897
67.794997,6.21309,125.943
67.993038,6.220147,125.99
68.0193,6.284499,126.357
68.044625,6.294093,126.404
68.068782,6.303968,126.45
68.09466,6.314099,126.496
68.119915,6.322509,126.542
68.14441,6.329626,126.588
68.168144,6.33767,126.634
68.194068,6.343172,126.681
68.219101,6.350408,126.726
68.244203,6.35655,126.774
68.269927,6.360608,126.819
68.295144,6.365009,126.866
68.320253,6.367542,126.913
68.345348,6.371096,126.959
68.370734,6.372065,127.005
68.463404,6.374534,127.051
68.547269,6.371246,127.224
68.571779,6.369877,127.377
68.596965,6.366889,127.424
68.622044,6.362611,127.47
68.646862,6.359098,127.516
68.67128,6.354521,127.563
68.696528,6.349763,127.608
68.722098,6.344021,127.655
68.746416,6.338313,127.701
68.771595,6.333092,127.748
68.797458,6.32866,127.793
68.822129,6.323593,127.84
68.847485,6.317391,127.887
68.872732,6.313173,127.933
68.898142,6.305668,127.979
68.922237,6.298311,128.026
68.947953,6.291244,128.072
68.972694,6.285534,128.118
69.05901,6.280715,128.165
69.143344,6.250976,128.325
69.168814,6.244095,128.478
69.194008,6.239189,128.525
69.217858,6.235394,128.57
69.242061,6.233176,128.617
69.267877,6.230967,128.664
69.293202,6.23134,128.71
69.317927,6.232141,128.757
69.343106,6.232764,128.803
69.368976,6.234288,128.849
69.393625,6.234629,128.895
69.417743,6.235103,128.94
69.442814,6.234844,128.987
69.467432,6.233265,129.033
69.492511,6.232875,129.078
69.518673,6.233206,129.126
69.544051,6.233839,129.172
69.568769,6.23622,129.219
69.65603,6.2372,129.266
69.73802,6.268446,129.424
69.763529,6.277644,129.578
69.788178,6.287782,129.624
69.81328,6.297508,129.671
69.838858,6.309531,129.717
69.863852,6.320985,129.763
69.889307,6.335111,129.81
69.914732,6.34817,129.856
69.939749,6.361942,129.903
69.964021,6.378193,129.948
69.988762,6.390875,129.995
70.013979,6.405434,130.041
70.038351,6.418622,130.087
70.06366,6.432494,130.133
70.089031,6.444946,130.179
70.114748,6.458189,130.226
70.139481,6.471576,130.272
70.164698,6.485129,130.318
70.251313,6.497491,130.364
70.448663,6.614169,130.525
70.473911,6.622483,130.89
70.498191,6.632656,130.936
70.523454,6.639843,130.982
70.549186,6.647231,131.028
70.574157,6.655652,131.075
70.599174,6.665579,131.122
70.625221,6.674872,131.168
70.650661,6.683347,131.215
70.674472,6.692472,131.26
70.698936,6.702127,131.306
70.724292,6.711912,131.353
70.749086,6.719387,131.399
70.774895,6.728144,131.444
70.973558,6.737818,131.491
70.998368,6.80677,131.858
71.023923,6.814617,131.905
71.049087,6.822559,131.951
71.073436,6.830439,131.997
71.098284,6.839078,132.043
71.123847,6.845976,132.09
71.148042,6.853916,132.136
71.173413,6.863591,132.182
71.19883,6.873631,132.228
71.224761,6.882104,132.275
71.249679,6.890097,132.321
71.274565,6.899786,132.368
71.300428,6.908349,132.414
71.324431,6.91987,132.46
71.348818,6.931521,132.507
71.442457,6.941341,132.553
71.5252,7.008074,132.724
71.551154,7.019515,132.877
71.575004,7.030039,132.924
71.59966,7.040008,132.97
71.625054,7.048342,133.016
71.650317,7.056344,133.062
71.675434,7.063602,133.109
71.701074,7.070046,133.155
71.726337,7.076388,133.202
71.75087,7.081613,133.248
71.776234,7.08683,133.294
71.801704,7.092805,133.341
71.825853,7.096781,133.387
71.851501,7.099919,133.434
71.876526,7.102673,133.48
71.901758,7.10524,133.527
71.926776,7.106146,133.574
71.952146,7.105725,133.62
72.038239,7.10717,133.665
72.121298,7.11594,133.825
72.145039,7.120017,133.977
72.170894,7.126548,134.024
72.195405,7.132886,134.069
72.220406,7.139456,134.116
72.246169,7.147787,134.162
72.27184,7.15543,134.209
72.297326,7.164484,134.255
72.320768,7.175003,134.301
72.345824,7.187391,134.348
72.37081,7.20048,134.394
72.395835,7.215844,134.44
72.421944,7.232872,134.487
72.447337,7.247613,134.533
72.472562,7.260423,134.58
72.498048,7.271295,134.626
72.523404,7.284403,134.673
72.548167,7.297291,134.719
72.634091,7.311196,134.766
72.716512,7.367509,134.925
72.74229,7.375482,135.077
72.767223,7.383,135.124
72.792232,7.390146,135.171
72.817618,7.397274,135.217
72.843519,7.402794,135.264
72.868168,7.407053,135.309
72.892163,7.412318,135.356
72.917573,7.417092,135.403
72.943243,7.422472,135.45
72.967753,7.427788,135.497
72.993808,7.432705,135.543
73.018495,7.437923,135.589
73.042951,7.442206,135.634
73.067884,7.448407,135.679
73.092732,7.454437,135.725
73.116589,7.459797,135.771
73.141968,7.463706,135.818
73.229436,7.469147,135.864
73.426986,7.531565,136.025
73.452403,7.541122,136.39
73.478119,7.551841,136.437
73.503183,7.564054,136.483
73.529268,7.578117,136.528
73.553863,7.592993,136.576
73.577282,7.60879,136.622
73.602184,7.625455,136.667
73.627401,7.641306,136.713
73.652818,7.658902,136.76
73.677443,7.701309,136.806
73.70316,7.687805,136.853
73.727993,7.710108,136.898
73.752457,7.728611,136.944
73.952042,7.748595,136.99
73.975915,7.9179,137.357
74.001109,7.943109,137.404
74.026841,7.967151,137.45
74.052035,7.991448,137.497
74.076898,8.015066,137.543
74.102607,8.03419,137.59
74.128216,8.052955,137.636
74.152465,8.069596,137.683
74.177744,8.085602,137.729
74.202984,8.101505,137.774
74.227125,8.116671,137.821
74.251889,8.130563,137.868
74.277867,8.143952,137.914
74.302953,8.158862,137.96
74.32691,8.174294,138.006
74.421686,8.189068,138.052
74.503131,8.296535,138.225
74.529193,8.316374,138.378
74.55391,8.338179,138.424
74.578667,8.35963,138.471
74.604598,8.384089,138.518
74.63,8.407366,138.564
74.654387,8.429849,138.609
74.679251,8.454641,138.656
74.705636,8.478212,138.702
74.729508,8.504647,138.749
74.754041,8.531788,138.795
74.779358,8.561036,138.841
74.804652,8.589173,138.886
74.830008,8.61737,138.933
74.854556,8.645227,138.98
74.880457,8.671561,139.026
74.905021,8.695805,139.071
74.929186,8.720682,139.117
75.017323,8.748285,139.164
75.100058,8.928545,139.325
75.126044,8.965662,139.478
75.150416,9.00346,139.524
75.176401,9.041318,139.571
75.201733,9.078654,139.616
75.226659,9.11737,139.663
75.251637,9.15426,139.71
75.275879,9.190874,139.756
75.300781,9.227345,139.802
75.326021,9.262616,139.849
75.351791,9.296004,139.894
75.376686,9.329481,139.942
75.401526,9.363527,139.987
75.426766,9.395406,140.034
75.452153,9.428751,140.079
75.476386,9.461186,140.126
75.50135,9.491757,140.172
75.526882,9.521854,140.219
75.612337,9.54963,140.264
75.696748,9.708791,140.425
75.721043,9.736448,140.578
75.746867,9.764546,140.624
75.771177,9.792345,140.67
75.795165,9.819461,140.716
75.820951,9.849202,140.762
75.845907,9.878963,140.809
75.871493,9.909562,140.854
75.896571,9.938814,140.902
75.921965,9.966991,140.948
75.946929,9.995674,140.994
75.972,10.025116,141.04
75.99724,10.056211,141.086
76.020928,10.085821,141.132
76.045208,10.115462,141.178
76.071339,10.147512,141.224
76.096326,10.180089,141.27
76.121182,10.213628,141.317
76.209027,10.247716,141.363
76.407237,10.614397,141.525
76.432154,10.650431,141.89
76.458055,10.686461,141.937
76.482358,10.721614,141.983
76.506377,10.757001,142.029
76.532047,10.794718,142.076
76.556665,10.833324,142.121
76.582312,10.872075,142.167
76.607214,10.911532,142.214
76.632823,10.950726,142.26
76.657764,10.989299,142.307
76.682574,11.027633,142.352
76.708367,11.066252,142.399
76.920192,11.105307,142.445
76.944549,11.426154,142.837
76.970204,11.465784,142.884
76.996251,11.503897,142.93
77.021283,11.545451,142.977
77.046116,11.589388,143.023
77.070511,11.630582,143.069
77.095959,11.669454,143.115
77.119831,11.708875,143.161
77.14554,11.748673,143.207
77.170634,11.790494,143.253
77.19476,11.832693,143.298
77.219209,11.876751,143.344
77.244803,11.918415,143.39
77.268537,11.963875,143.436
77.293677,12.007492,143.482
77.319048,12.053558,143.528
77.403113,12.099275,143.575
77.483082,12.348984,143.729
77.508276,12.391461,143.878
77.534123,12.435651,143.925
77.55901,12.477874,143.971
77.584665,12.520265,144.017
77.60883,12.566853,144.063
77.633447,12.615134,144.108
77.657481,12.665578,144.154
77.683228,12.717326,144.201
77.708822,12.772153,144.247
77.732841,12.827328,144.293
77.758511,12.883871,144.339
77.784028,12.941379,144.385
77.808646,13.000877,144.431
77.832295,13.061599,144.477
77.857482,13.123167,144.523
77.882814,13.187363,144.569
77.907854,13.251482,144.616
77.996191,13.317237,144.662
78.07951,13.680364,144.825
78.105803,13.736284,144.979
78.131074,13.793478,145.025
78.155323,13.851575,145.072
78.180094,13.909777,145.118
78.204774,13.971686,145.164
78.229853,14.035592,145.21
78.255477,14.098164,145.257
78.281232,14.160212,145.304
78.30588,14.222765,145.35
78.331228,14.285145,145.396
78.356745,14.349408,145.442
78.381985,14.414903,145.489
78.405566,14.483691,145.535
78.430867,14.553033,145.581
78.4561,14.621805,145.627
78.480986,14.688021,145.674
78.506603,14.750949,145.72
78.591866,14.811276,145.766
78.675939,15.144991,145.925
78.700887,15.202807,146.079
78.72509,15.260705,146.125
78.750376,15.317269,146.171
78.763484,15.403116,146.218
78.800733,15.431685,146.264
78.826519,15.491455,146.31
78.851183,15.551208,146.356
78.875693,15.608065,146.402
78.900979,15.664391,146.448
78.926527,15.716865,146.494
78.950799,15.770154,146.54
78.975209,15.822622,146.587
79.001003,15.875274,146.633
79.026297,15.928099,146.68
79.050907,15.979299,146.726
79.076692,16.03569,146.771
79.10214,16.093761,146.818
79.187926,16.157787,146.864
79.386389,16.913913,147.024
79.411038,16.984744,147.391
79.435932,17.053769,147.437
79.461526,17.12213,147.484
79.48599,17.189583,147.53
79.511253,17.257703,147.577
79.536547,17.323195,147.623
79.562079,17.392971,147.669
79.586782,17.463528,147.714
79.612475,17.535589,147.761
79.637277,17.606204,147.807
79.661173,17.678507,147.854
79.686597,17.747606,147.9
79.899229,17.816684,147.947
79.924585,18.433688,148.337
79.93664,18.545636,148.384
79.97389,18.582046,148.43
79.99853,18.65402,148.476
80.022787,18.728724,148.522
80.048634,18.802608,148.568
80.074097,18.876305,148.615
80.098869,18.951599,148.66
80.124009,19.03024,148.707
80.149103,19.111039,148.753
80.174543,19.195043,148.799
80.197832,19.282519,148.845
80.223502,19.368546,148.891
80.248028,19.457714,148.937
80.273537,19.550464,148.983
80.298777,19.644449,149.029
80.382803,19.743206,149.076
80.462926,20.306824,149.231
80.487659,20.40631,149.378
80.512746,20.504491,149.425
80.537602,20.600803,149.47
80.56152,20.696325,149.517
80.58633,20.790032,149.563
80.612239,20.883488,149.608
80.636895,20.975422,149.655
80.662204,21.068897,149.7
80.687867,21.164154,149.747
80.713284,21.258211,149.794
80.737694,21.351867,149.84
80.76245,21.453906,149.886
80.787944,21.562345,149.933
80.812193,21.676357,149.979
80.836534,21.788815,150.024
80.862289,21.896986,150.07
80.887706,22.009019,150.117
80.97519,22.126524,150.162
81.058064,22.816155,150.325
81.082889,22.930678,150.478
81.108244,23.047838,150.524
81.132824,23.167922,150.571
81.15824,23.28598,150.617
81.184072,23.408581,150.663
81.209266,23.528328,150.71
81.234053,23.647102,150.756
81.259047,23.765787,150.803
81.284895,23.883488,150.849
81.308821,24.005152,150.895
81.334046,24.128961,150.942
81.359462,24.255865,150.989
81.384295,24.381188,151.034
81.408929,24.507834,151.081
81.434876,24.637511,151.126
81.459824,24.767247,151.173
81.484265,24.898867,151.219
81.57168,25.029771,151.265
81.653247,25.778144,151.424
81.679033,25.898327,151.579
81.704204,26.015238,151.625
81.728683,26.134151,151.671
81.754553,26.253468,151.718
81.780032,26.372027,151.764
81.804473,26.491747,151.81
81.830451,26.609125,151.856
81.854677,26.72468,151.903
81.878949,26.833881,151.948
81.904304,26.942728,151.995
81.929329,27.047087,152.041
81.95417,27.147619,152.087
81.979709,27.245108,152.134
82.005472,27.343908,152.18
82.030459,27.451506,152.226
82.054677,27.564578,152.273
82.079525,27.675784,152.319
82.165872,27.794269,152.365
82.363613,29.192545,152.525
82.388938,29.335167,152.89
