Current,Voltage,Time
-0.018781,-0.807584,0.046
-0.018664,-0.817172,0.092
-0.018646,-0.82757,0.138
-0.018192,-0.836235,0.185
-0.019517,-0.846713,0.231
-0.018658,-0.857471,0.277
-0.018836,-0.8688,0.324
0.018802,-0.9849,0.478
0.045316,-0.996285,0.842
0.071546,-1.007002,0.889
0.095272,-1.018191,0.935
0.120499,-1.030145,0.981
0.146288,-1.041984,1.027
0.170661,-1.052749,1.074
0.195631,-1.062207,1.121
0.221062,-1.071435,1.168
0.245799,-1.081485,1.214
0.270897,-1.089557,1.26
0.295843,-1.096633,1.306
0.321083,-1.106041,1.352
0.523407,-1.112978,1.398
0.54912,-1.192209,1.772
0.574041,-1.201527,1.818
0.599691,-1.20979,1.865
0.624991,-1.219713,1.911
0.650033,-1.229683,1.958
0.674395,-1.239281,2.004
0.698979,-1.248239,2.05
0.723741,-1.257191,2.097
0.749926,-1.267239,2.143
0.774467,-1.27605,2.189
0.800021,-1.285729,2.235
0.825114,-1.294228,2.282
0.850408,-1.303432,2.328
0.875561,-1.310055,2.374
0.899886,-1.31673,2.421
0.924701,-1.3248,2.467
1.008688,-1.331736,2.513
1.095856,-1.35374,2.667
1.120974,-1.357751,2.828
1.146143,-1.361544,2.875
1.171281,-1.364258,2.921
1.196587,-1.368255,2.967
1.221883,-1.370503,3.014
1.246002,-1.374427,3.06
1.27086,-1.378514,3.106
1.296055,-1.378544,3.152
1.32122,-1.379569,3.199
1.346293,-1.379819,3.245
1.371776,-1.380408,3.291
1.397255,-1.379414,3.338
1.421585,-1.377619,3.384
1.446728,-1.375801,3.429
1.471031,-1.375002,3.476
1.496018,-1.373937,3.522
1.52129,-1.373232,3.568
1.605835,-1.373857,3.615
1.692473,-1.351581,3.769
1.717525,-1.346922,3.929
1.742673,-1.344533,3.976
1.767004,-1.339986,4.021
1.791263,-1.335158,4.068
1.816357,-1.329988,4.114
1.841602,-1.325656,4.16
1.867449,-1.320323,4.206
1.892443,-1.315566,4.253
1.917553,-1.31122,4.298
1.942514,-1.307166,4.345
1.967822,-1.303633,4.391
1.992456,-1.302398,4.438
2.016978,-1.298855,4.484
2.041961,-1.296907,4.53
2.06683,-1.29199,4.576
2.09259,-1.289361,4.622
2.118355,-1.286724,4.669
2.202314,-1.284884,4.715
2.288572,-1.271577,4.871
2.312956,-1.269808,5.029
2.33752,-1.26786,5.076
2.361698,-1.266961,5.121
2.387435,-1.267219,5.168
2.412409,-1.265502,5.213
2.437562,-1.264087,5.259
2.462628,-1.261199,5.306
2.487741,-1.256077,5.351
2.513047,-1.252648,5.398
2.537975,-1.25045,5.445
2.563027,-1.249395,5.491
2.587397,-1.249835,5.537
2.613022,-1.249295,5.583
2.637955,-1.247373,5.63
2.662936,-1.244631,5.676
2.688371,-1.242439,5.722
2.713781,-1.240156,5.769
2.796866,-1.240056,5.815
2.99868,-1.238535,5.97
3.023858,-1.237279,6.341
3.047398,-1.234066,6.387
3.072321,-1.230233,6.433
3.09805,-1.228547,6.48
3.12327,-1.226585,6.526
3.148688,-1.223822,6.572
3.173527,-1.220194,6.618
3.198846,-1.215059,6.664
3.223853,-1.21022,6.71
3.24804,-1.204129,6.757
3.273511,-1.195527,6.803
3.297808,-1.187064,6.849
3.50321,-1.179758,6.896
3.528058,-1.110216,7.272
3.553459,-1.099206,7.319
3.578147,-1.088331,7.365
3.601988,-1.075635,7.41
3.627528,-1.06445,7.458
3.65309,-1.052144,7.504
3.677957,-1.040155,7.551
3.703525,-1.030569,7.597
3.728741,-1.022799,7.643
3.75343,-1.017028,7.689
3.77883,-1.012341,7.735
3.803579,-1.009112,7.782
3.828076,-1.006913,7.828
3.853305,-1.006814,7.874
3.878141,-1.004874,7.921
3.903651,-1.005095,7.967
3.988295,-1.003251,8.014
4.07481,-1.002216,8.169
4.100234,-1.002066,8.329
4.125337,-1.001966,8.375
4.150172,-0.999557,8.421
4.174505,-1.00337,8.467
4.199449,-0.999292,8.514
4.224835,-0.991247,8.56
4.249707,-0.984482,8.606
4.27482,-0.975846,8.651
4.300034,-0.968651,8.698
4.325141,-0.96023,8.744
4.349953,-0.953729,8.79
4.374119,-0.946473,8.836
4.398878,-0.93597,8.882
4.424155,-0.925291,8.928
4.449609,-0.915592,8.975
4.474526,-0.906158,9.021
4.499915,-0.896994,9.067
4.583412,-0.888653,9.113
4.671211,-0.845224,9.267
4.695787,-0.838098,9.429
4.720065,-0.829708,9.475
4.745526,-0.823358,9.522
4.770698,-0.815096,9.568
4.796068,-0.807574,9.615
4.821019,-0.800913,9.661
4.846709,-0.793221,9.707
4.87219,-0.785159,9.754
4.896952,-0.77504,9.799
4.921592,-0.765411,9.846
4.94555,-0.756343,9.891
4.971008,-0.747596,9.937
4.996223,-0.737306,9.984
5.021716,-0.727412,10.031
5.046926,-0.715927,10.078
5.071791,-0.703035,10.124
5.097247,-0.690779,10.17
5.180497,-0.679725,10.216
5.265792,-0.621172,10.37
5.29118,-0.609613,10.529
5.316469,-0.595515,10.575
5.34176,-0.583203,10.622
5.366689,-0.570106,10.669
5.392355,-0.556493,10.715
5.417398,-0.542011,10.761
5.442539,-0.52811,10.807
5.466919,-0.515112,10.853
5.491729,-0.501256,10.9
5.516865,-0.48779,10.946
5.541786,-0.474901,10.992
5.56739,-0.465308,11.039
5.592758,-0.454524,11.085
5.618099,-0.444929,11.132
5.642538,-0.43589,11.178
5.668188,-0.426874,11.223
5.692404,-0.419305,11.27
5.775941,-0.412833,11.316
5.97699,-0.315844,11.471
6.001901,-0.307721,11.842
6.027203,-0.297427,11.888
6.052714,-0.287873,11.935
6.077911,-0.278605,11.981
6.102819,-0.268591,12.027
6.128088,-0.258372,12.073
6.153234,-0.246421,12.12
6.177781,-0.236367,12.166
6.202811,-0.226204,12.212
6.227818,-0.216865,12.259
6.25324,-0.207126,12.305
6.278268,-0.201026,12.351
6.4814,-0.190892,12.398
6.506181,-0.122105,12.772
6.53125,-0.115079,12.819
6.556068,-0.107444,12.865
6.581625,-0.101502,12.912
6.60667,-0.09609,12.958
6.631725,-0.090903,13.004
6.656989,-0.086885,13.049
6.681934,-0.081725,13.096
6.706708,-0.076371,13.142
6.731775,-0.071194,13.188
6.756273,-0.064669,13.234
6.781604,-0.06203,13.281
6.806985,-0.057793,13.327
6.83182,-0.053471,13.374
6.857154,-0.051311,13.42
6.882364,-0.048178,13.466
6.965706,-0.047094,13.511
7.053847,-0.038574,13.667
7.079125,-0.03766,13.83
7.103142,-0.035542,13.876
7.128826,-0.034502,13.922
7.153762,-0.033567,13.968
7.178884,-0.032482,14.014
7.203769,-0.030054,14.06
7.229185,-0.029895,14.106
7.254817,-0.02918,14.152
7.278833,-0.030835,14.199
7.303165,-0.032993,14.245
7.32838,-0.03761,14.291
7.353828,-0.040474,14.337
7.379316,-0.042518,14.383
7.403843,-0.04584,14.429
7.429058,-0.049043,14.475
7.454444,-0.05379,14.522
7.479975,-0.057074,14.569
7.563136,-0.0621,14.615
7.649611,-0.087679,14.769
7.674999,-0.092128,14.929
7.699833,-0.09665,14.975
7.725292,-0.101821,15.022
7.750556,-0.105414,15.068
7.775849,-0.111816,15.115
7.8011,-0.115489,15.162
7.825984,-0.120291,15.207
7.850907,-0.124135,15.254
7.87558,-0.128056,15.3
7.900661,-0.133164,15.346
7.925905,-0.135945,15.393
7.950844,-0.138006,15.439
7.97626,-0.13919,15.485
8.001601,-0.141679,15.532
8.026652,-0.141839,15.578
8.052257,-0.142137,15.625
8.077234,-0.142368,15.671
8.160065,-0.144416,15.717
8.245486,-0.151402,15.871
8.270565,-0.153007,16.029
8.295855,-0.152177,16.074
8.321078,-0.153127,16.121
8.345977,-0.152566,16.168
8.370995,-0.153552,16.214
8.395025,-0.152516,16.26
8.419991,-0.153117,16.307
8.445488,-0.153441,16.353
8.470757,-0.153311,16.399
8.496012,-0.152606,16.445
8.521318,-0.146995,16.491
8.5464,-0.143062,16.538
8.571107,-0.138146,16.583
8.59595,-0.133938,16.63
8.620921,-0.128801,16.676
8.645393,-0.123008,16.723
8.671234,-0.116333,16.77
8.755954,-0.110411,16.815
8.956187,-0.018431,16.971
8.981667,-0.012161,17.341
9.006486,-0.004249,17.388
9.031917,0.000717,17.434
9.057296,0.007623,17.481
9.082359,0.013145,17.527
9.106573,0.017953,17.573
9.132209,0.024758,17.62
9.157159,0.030548,17.667
9.18236,0.03852,17.713
9.207439,0.045537,17.759
9.232548,0.05444,17.805
9.258412,0.062723,17.852
9.459913,0.072857,17.898
9.485176,0.14089,18.272
9.510396,0.152451,18.318
9.535964,0.161719,18.365
9.561345,0.171954,18.411
9.586179,0.181773,18.458
9.611645,0.192167,18.504
9.635707,0.200069,18.55
9.661022,0.211205,18.596
9.685944,0.219077,18.643
9.711046,0.228155,18.689
9.736363,0.235762,18.736
9.7614,0.245384,18.782
9.787074,0.252162,18.828
9.811541,0.257943,18.873
9.837263,0.264143,18.921
9.862466,0.268032,18.967
9.945727,0.271179,19.014
10.032137,0.292229,19.169
10.057264,0.295582,19.328
10.082827,0.297731,19.375
10.107775,0.302458,19.422
10.133052,0.304093,19.468
10.158066,0.30849,19.513
10.183636,0.310588,19.56
10.207971,0.313977,19.606
10.232535,0.316015,19.652
10.257561,0.318185,19.698
10.282678,0.321588,19.745
10.307928,0.321297,19.791
10.333239,0.321748,19.838
10.358742,0.323052,19.884
10.383853,0.322257,19.93
10.409124,0.321678,19.977
10.434078,0.322592,20.023
10.458474,0.320453,20.069
10.542256,0.320644,20.115
10.628615,0.304352,20.27
10.654326,0.302318,20.43
10.679573,0.29866,20.476
10.704588,0.30057,20.523
10.730218,0.298755,20.57
10.755014,0.298141,20.615
10.779398,0.296626,20.662
10.804004,0.294867,20.708
10.829611,0.293033,20.755
10.854987,0.289911,20.801
10.879728,0.286047,20.848
10.905086,0.282705,20.894
10.930524,0.277957,20.939
10.955544,0.271845,20.986
10.980903,0.268042,21.032
11.005347,0.26324,21.079
11.030268,0.260152,21.125
11.055345,0.25401,21.171
11.139663,0.250623,21.217
11.224683,0.221379,21.373
11.24997,0.217276,21.528
11.274714,0.210159,21.575
11.299155,0.203598,21.622
11.323658,0.20008,21.668
11.348926,0.197738,21.714
11.374455,0.191556,21.76
11.399787,0.187899,21.807
11.425235,0.183364,21.854
11.450309,0.179816,21.899
11.475464,0.175111,21.946
11.500731,0.168145,21.992
11.524843,0.163661,22.038
11.549726,0.157811,22.084
11.574823,0.152451,22.13
11.600073,0.146681,22.177
11.625465,0.141115,22.223
11.65068,0.1356,22.27
11.734712,0.132422,22.315
11.935287,0.12933,22.47
11.960874,0.131851,22.842
11.985907,0.133097,22.889
12.010942,0.136786,22.934
12.035556,0.14085,22.981
12.060972,0.147937,23.028
12.085985,0.153617,23.074
12.110913,0.160924,23.121
12.136246,0.166744,23.166
12.161202,0.172999,23.212
12.186381,0.182014,23.258
12.211299,0.188268,23.305
12.235594,0.195215,23.351
12.439017,0.202602,23.397
12.464572,0.259626,23.772
12.489912,0.266034,23.819
12.514782,0.272554,23.865
12.540271,0.2796,23.911
12.564667,0.289671,23.958
12.589395,0.296616,24.004
12.614688,0.305217,24.051
12.639678,0.312927,24.097
12.664962,0.322246,24.143
12.68995,0.329808,24.19
12.715692,0.340577,24.236
12.740635,0.35146,24.282
12.765517,0.362794,24.328
12.789965,0.374856,24.374
12.814912,0.387305,24.421
12.839641,0.400232,24.466
12.923829,0.41318,24.513
13.011824,0.481716,24.668
13.036702,0.493862,24.829
13.0618,0.504072,24.875
13.087248,0.514956,24.921
13.112154,0.525311,24.968
13.137047,0.538128,25.014
13.161336,0.550309,25.061
13.186729,0.562405,25.106
13.211415,0.574792,25.153
13.237131,0.585066,25.199
13.262089,0.596677,25.246
13.286947,0.607011,25.292
13.312482,0.619773,25.337
13.337008,0.628391,25.384
13.361879,0.638511,25.43
13.386371,0.650756,25.476
13.411855,0.663148,25.522
13.43702,0.674393,25.569
13.521458,0.684788,25.616
13.607581,0.732101,25.77
13.632687,0.737079,25.929
13.656558,0.739087,25.975
13.680866,0.742017,26.02
13.706197,0.745879,26.066
13.730832,0.748297,26.112
13.756353,0.750606,26.157
13.781779,0.752935,26.205
13.806968,0.757333,26.25
13.831919,0.759241,26.297
13.856902,0.76181,26.343
13.881736,0.762189,26.39
13.906119,0.764379,26.436
13.931403,0.764349,26.481
13.956434,0.764688,26.528
13.981143,0.764139,26.573
14.006691,0.76201,26.62
14.031472,0.758616,26.666
14.114492,0.756217,26.711
14.203483,0.750901,26.867
14.228398,0.752865,27.03
14.252859,0.754354,27.076
14.277973,0.756458,27.123
14.303168,0.758387,27.168
14.32869,0.760596,27.215
14.354204,0.765553,27.262
14.37962,0.768121,27.308
14.404682,0.772883,27.354
14.429891,0.775857,27.401
14.454205,0.779741,27.447
14.479355,0.783372,27.494
14.503706,0.788099,27.54
14.529383,0.791084,27.585
14.554255,0.794637,27.632
14.579744,0.797819,27.679
14.604921,0.802837,27.725
14.630189,0.808538,27.771
14.712986,0.809307,27.818
14.914211,0.857639,27.972
14.938474,0.861883,28.341
14.963046,0.865555,28.387
14.988722,0.867783,28.434
15.014362,0.869703,28.48
15.039545,0.871952,28.526
15.064549,0.878284,28.573
15.089857,0.884929,28.619
15.114385,0.892991,28.664
15.138975,0.897514,28.711
15.16338,0.904501,28.756
15.189106,0.910076,28.803
15.213947,0.913064,28.849
15.419186,0.913044,28.896
15.44397,0.935469,29.272
15.468667,0.937076,29.319
15.493225,0.940805,29.365
15.518109,0.939738,29.41
15.543485,0.942606,29.457
15.568333,0.942285,29.503
15.593376,0.943412,29.549
15.618859,0.944203,29.594
15.644299,0.945589,29.641
15.668564,0.945499,29.688
15.694042,0.943983,29.734
15.718436,0.944758,29.781
15.743469,0.944013,29.827
15.768887,0.945669,29.873
15.794459,0.945793,29.92
15.819711,0.94724,29.965
15.903671,0.946454,30.012
15.991467,0.932692,30.167
16.016297,0.926091,30.33
16.04053,0.921737,30.375
16.064929,0.91481,30.421
16.090228,0.910962,30.467
16.115319,0.905432,30.514
16.140711,0.901303,30.56
16.166262,0.89706,30.606
16.191812,0.893421,30.653
16.216358,0.890508,30.699
16.241439,0.88691,30.744
16.266821,0.88328,30.791
16.291068,0.877814,30.837
16.316209,0.875976,30.884
16.341581,0.871972,30.931
16.366729,0.870878,30.977
16.391645,0.868059,31.022
16.417242,0.865027,31.069
16.50138,0.861894,31.115
16.586739,0.843668,31.27
16.611459,0.84183,31.43
16.636691,0.842068,31.476
16.661676,0.83979,31.522
16.687262,0.839512,31.569
16.71217,0.838107,31.614
16.737412,0.837083,31.661
16.762996,0.834088,31.707
16.787493,0.834048,31.753
16.811665,0.834334,31.798
16.835716,0.834744,31.844
16.860877,0.836692,31.89
16.885864,0.837621,31.936
16.911273,0.840616,31.982
16.935989,0.842374,32.028
16.960709,0.848556,32.073
16.985317,0.852039,32.118
17.009535,0.858744,32.164
17.093769,0.864521,32.21
17.182121,0.909726,32.365
17.206896,0.913919,32.529
17.232469,0.920731,32.575
17.257248,0.925506,32.62
17.282138,0.932672,32.665
17.305665,0.938807,32.711
17.33026,0.945479,32.756
17.355517,0.951369,32.803
17.380292,0.958185,32.848
17.405364,0.967234,32.894
17.430358,0.972729,32.939
17.455515,0.981336,32.986
17.480195,0.987578,33.032
17.504344,0.997142,33.079
17.529401,1.005114,33.124
17.554701,1.014893,33.171
17.57993,1.022279,33.217
17.60444,1.030788,33.262
17.688826,1.040406,33.307
17.892673,1.132477,33.462
17.918171,1.140597,33.842
17.943893,1.15215,33.889
17.969151,1.157747,33.935
17.994477,1.167576,33.982
18.019418,1.176781,34.028
18.044489,1.184951,34.074
18.068876,1.191923,34.119
18.093473,1.199957,34.166
18.118171,1.208178,34.212
18.143348,1.217194,34.258
18.169335,1.225084,34.305
18.194266,1.233069,34.35
18.397086,1.242055,34.397
18.421877,1.283047,34.772
18.447438,1.28659,34.819
18.47224,1.289257,34.865
18.497248,1.292581,34.91
18.523126,1.296353,34.956
18.54787,1.299037,35.004
18.573268,1.300231,35.05
18.598017,1.303874,35.096
18.622465,1.3025,35.142
18.647317,1.303389,35.189
18.672252,1.305429,35.234
18.697978,1.307032,35.28
18.722656,1.305878,35.327
18.748197,1.307387,35.373
18.773405,1.308401,35.42
18.798476,1.308581,35.466
18.881377,1.309636,35.512
18.969788,1.329148,35.667
18.994942,1.331756,35.83
19.019604,1.335694,35.876
19.045459,1.339343,35.922
19.070361,1.343727,35.969
19.09547,1.347946,36.015
19.12086,1.35233,36.061
19.145939,1.360021,36.107
19.171033,1.366203,36.154
19.195198,1.373339,36.2
19.219919,1.378254,36.245
19.244791,1.384815,36.292
19.26991,1.388778,36.337
19.295108,1.394549,36.383
19.32011,1.398087,36.43
19.345588,1.399823,36.476
19.370333,1.403867,36.521
19.394977,1.405604,36.568
19.478429,1.408276,36.614
19.565383,1.423866,36.769
19.590314,1.427485,36.929
19.615368,1.430307,36.975
19.640994,1.43446,37.022
19.666115,1.436458,37.068
19.691609,1.441332,37.115
19.716236,1.445526,37.161
19.740787,1.451847,37.207
19.765685,1.456401,37.254
19.790587,1.462968,37.3
19.816409,1.470044,37.346
19.841269,1.478867,37.393
19.866991,1.487595,37.439
19.89188,1.495182,37.485
19.917024,1.501748,37.532
19.942032,1.510826,37.578
19.966071,1.518103,37.623
19.99126,1.52434,37.669
20.075299,1.532472,37.716
20.161817,1.572128,37.871
20.186871,1.57898,38.03
20.21224,1.581833,38.077
20.237345,1.585176,38.122
20.262061,1.585626,38.168
20.286665,1.587615,38.215
20.31161,1.587805,38.262
20.336671,1.589729,38.308
20.36171,1.58926,38.353
20.386973,1.589983,38.4
20.412209,1.590524,38.446
20.437478,1.593837,38.492
20.462618,1.596889,38.538
20.487449,1.59735,38.585
20.512146,1.601282,38.631
20.536495,1.601552,38.677
20.562171,1.602627,38.724
20.586818,1.601717,38.77
20.671432,1.600703,38.815
20.871857,1.598755,38.971
20.897439,1.602486,39.341
20.922748,1.605851,39.389
20.947821,1.609394,39.434
20.972289,1.612878,39.481
20.996749,1.619303,39.527
21.022258,1.62272,39.573
21.047431,1.628277,39.62
21.072475,1.63196,39.666
21.097681,1.639006,39.712
21.122566,1.645533,39.757
21.148023,1.654074,39.804
21.172987,1.660114,39.85
21.375453,1.664643,39.897
21.401149,1.713955,40.272
21.426331,1.718602,40.319
21.452319,1.722284,40.365
21.476785,1.726162,40.411
21.501687,1.7294,40.458
21.525828,1.732464,40.504
21.550822,1.735957,40.55
21.576228,1.7391,40.596
21.601191,1.742966,40.642
21.626549,1.745058,40.689
21.65196,1.74734,40.735
21.677025,1.747441,40.782
21.702557,1.748366,40.828
21.727306,1.74716,40.874
21.751751,1.746925,40.921
21.776507,1.745599,40.966
21.860873,1.744868,41.013
21.948259,1.733868,41.168
21.973724,1.732363,41.33
21.998887,1.731818,41.377
22.024556,1.733037,41.423
22.049874,1.734231,41.469
22.0748,1.735576,41.515
22.099673,1.738265,41.562
22.12435,1.740093,41.608
22.149266,1.742525,41.655
22.173868,1.744763,41.701
22.199398,1.748241,41.747
22.224712,1.749701,41.793
22.249619,1.754236,41.839
22.27508,1.757289,41.885
22.299871,1.763995,41.931
22.324915,1.76927,41.978
22.349762,1.773794,42.024
22.374378,1.778348,42.07
22.458315,1.782167,42.116
22.544818,1.804783,42.27
22.570409,1.811249,42.43
22.595313,1.815048,42.476
22.62122,1.818095,42.523
22.645509,1.820307,42.569
22.670114,1.821873,42.615
22.695,1.82344,42.662
22.720291,1.824917,42.708
22.745926,1.82862,42.755
22.770994,1.829866,42.801
22.796547,1.833805,42.847
22.821242,1.834661,42.894
22.846837,1.837743,42.94
22.872041,1.839755,42.987
22.896662,1.842498,43.032
22.921645,1.845485,43.079
22.946226,1.845455,43.126
22.971636,1.846066,43.172
23.056194,1.845104,43.218
23.141027,1.847753,43.372
23.166306,1.84954,43.53
23.190735,1.852607,43.576
23.215605,1.854599,43.623
23.240555,1.857932,43.668
23.266048,1.859263,43.715
23.291315,1.861845,43.761
23.315943,1.864398,43.807
23.341496,1.866941,43.853
23.366387,1.868207,43.9
23.391707,1.870419,43.946
23.41567,1.871044,43.992
23.440553,1.872491,44.038
23.465651,1.873306,44.084
23.490736,1.873436,44.13
23.515809,1.873091,44.176
23.540742,1.872741,44.222
23.566543,1.877725,44.269
23.648951,1.880553,44.315
23.851816,1.910576,44.47
23.877141,1.912907,44.843
23.901637,1.916516,44.889
23.926244,1.919223,44.935
23.951128,1.924318,44.982
23.976722,1.927405,45.028
24.002075,1.931394,45.074
24.027521,1.934402,45.12
24.053059,1.937776,45.167
24.077807,1.941419,45.214
24.103428,1.945317,45.26
24.128126,1.949186,45.307
24.152731,1.952025,45.353
24.355048,1.955398,45.399
24.38091,1.982129,45.772
24.406185,1.98746,45.819
24.430117,1.992458,45.865
24.455609,1.996985,45.912
24.480494,2.001418,45.958
24.505607,2.00654,46.005
24.530684,2.009738,46.051
24.556314,2.014275,46.097
24.581204,2.018273,46.144
24.606715,2.023151,46.19
24.631533,2.02391,46.236
24.656873,2.025978,46.282
24.681671,2.028018,46.329
24.70593,2.029926,46.375
24.731477,2.031301,46.421
24.756308,2.030587,46.467
24.840154,2.030786,46.513
24.927673,2.020226,46.668
24.953268,2.015659,46.83
24.978866,2.010634,46.876
25.00411,2.008225,46.923
25.028821,2.004301,46.969
25.052884,2.000212,47.015
25.078216,1.994123,47.062
25.103606,1.988915,47.109
25.128741,1.982239,47.155
25.154553,1.978246,47.202
25.179513,1.971828,47.248
25.205124,1.964494,47.294
25.229947,1.957121,47.34
25.255172,1.94819,47.387
25.279583,1.941949,47.433
25.304323,1.935003,47.479
25.329462,1.928571,47.526
25.354734,1.92093,47.572
25.438847,1.91515,47.619
25.524059,1.881504,47.773
25.548826,1.876399,47.93
25.572918,1.868196,47.976
25.598246,1.863072,48.022
25.623459,1.857071,48.068
25.648459,1.852717,48.115
25.674455,1.846962,48.161
25.699232,1.842178,48.208
25.725092,1.838379,48.254
25.749831,1.834085,48.301
25.77491,1.830767,48.347
25.799695,1.824486,48.394
25.824975,1.821453,48.44
25.849947,1.817179,48.487
25.874609,1.815803,48.533
25.899814,1.812825,48.579
25.925327,1.812315,48.625
25.95045,1.812144,48.672
26.034914,1.81192,48.718
26.118969,1.824897,48.873
26.144048,1.827744,49.029
26.168904,1.829391,49.076
26.194406,1.832288,49.122
26.219427,1.83491,49.168
26.244997,1.83491,49.214
26.269778,1.835421,49.26
26.29416,1.833654,49.307
26.318806,1.835656,49.353
26.343662,1.835716,49.398
26.368745,1.837052,49.445
26.393624,1.836337,49.491
26.419014,1.839355,49.537
26.444421,1.841151,49.583
26.469408,1.845495,49.629
26.494842,1.850625,49.676
26.519921,1.857061,49.722
26.544852,1.864538,49.769
26.628801,1.870168,49.815
26.829147,1.95038,49.971
26.85456,1.958348,50.342
26.879436,1.966037,50.388
26.905031,1.971289,50.434
26.930436,1.978726,50.481
26.955629,1.983532,50.528
26.981297,1.989554,50.574
27.006503,1.993412,50.621
27.032233,1.998349,50.667
27.056253,2.002906,50.714
27.08128,2.007714,50.76
27.105704,2.011397,50.806
27.131322,2.01505,50.852
27.333922,2.016864,50.899
27.35843,2.051915,51.272
27.383536,2.0572,51.319
27.408526,2.063082,51.365
27.434304,2.070579,51.412
27.4596,2.076964,51.458
27.484827,2.0849,51.504
27.509825,2.091627,51.551
27.534865,2.098633,51.597
27.560457,2.104124,51.644
27.58451,2.11121,51.689
27.609337,2.115462,51.736
27.634375,2.120594,51.782
27.659598,2.124628,51.829
27.684658,2.128975,51.875
27.710365,2.131873,51.921
27.73543,2.132908,51.968
27.819405,2.135791,52.013
27.90676,2.151488,52.169
27.931775,2.153746,52.33
27.956516,2.156145,52.376
27.980698,2.158953,52.422
28.006526,2.159688,52.468
28.031871,2.164165,52.515
28.056487,2.167297,52.561
28.08225,2.172923,52.607
28.107035,2.176412,52.653
28.132665,2.18016,52.7
28.156883,2.183458,52.746
28.181733,2.187066,52.793
28.206603,2.190554,52.839
28.231931,2.190644,52.885
28.257356,2.194798,52.931
28.2823,2.197976,52.978
28.307563,2.200689,53.024
28.333297,2.204006,53.071
28.416797,2.209281,53.117
28.501745,2.223034,53.272
28.526865,2.225426,53.43
28.552235,2.226863,53.476
28.577207,2.228159,53.522
28.602191,2.227719,53.568
28.62761,2.227508,53.614
28.653035,2.226562,53.661
28.678206,2.225196,53.708
28.702795,2.222984,53.754
28.727583,2.219716,53.8
28.752226,2.217303,53.846
28.777107,2.211263,53.892
28.80188,2.207435,53.937
28.82723,2.202125,53.983
28.85237,2.19701,54.029
28.877332,2.192316,54.076
28.902297,2.186595,54.122
28.926773,2.181136,54.168
29.010967,2.176622,54.214
29.097332,2.160673,54.369
29.122469,2.159729,54.529
29.14823,2.160963,54.576
29.172957,2.162545,54.622
29.198689,2.167043,54.668
29.223297,2.17039,54.714
29.248445,2.175005,54.761
29.272861,2.177953,54.808
29.298111,2.183883,54.854
29.323654,2.1858,54.9
29.349083,2.190715,54.947
29.374315,2.194758,54.994
29.399108,2.201089,55.04
29.424675,2.206829,55.087
29.449302,2.210478,55.132
29.474659,2.214772,55.178
29.49882,2.217484,55.224
29.523647,2.222934,55.271
29.607696,2.226823,55.316
29.808398,2.258917,55.471
29.833615,2.26142,55.842
29.859078,2.264507,55.889
29.884353,2.267625,55.935
29.909063,2.271814,55.981
29.934441,2.27268,56.028
29.958679,2.276804,56.074
29.983085,2.276393,56.12
30.008794,2.277089,56.165
30.033723,2.279176,56.212
30.058807,2.28342,56.259
30.084305,2.287593,56.305
30.108955,2.292448,56.351
30.311781,2.295751,56.397
30.336743,2.323657,56.772
30.362144,2.326249,56.818
30.387077,2.328641,56.865
30.412417,2.334967,56.911
30.43788,2.338335,56.957
30.463251,2.345982,57.004
30.487759,2.349815,57.051
30.512218,2.35467,57.097
30.537354,2.358398,57.142
30.562537,2.36489,57.189
30.587808,2.369524,57.236
30.612669,2.377071,57.281
30.63779,2.382472,57.328
30.663109,2.388225,57.374
30.688017,2.39564,57.42
30.712873,2.402197,57.466
30.796419,2.413861,57.512
30.883911,2.465731,57.668
30.909639,2.473841,57.829
30.93476,2.480702,57.877
30.960206,2.488268,57.923
30.985394,2.495254,57.97
31.01111,2.503614,58.015
31.035768,2.509476,58.061
31.06078,2.516032,58.108
31.085375,2.520739,58.154
31.10991,2.527081,58.2
31.135179,2.530334,58.246
31.16059,2.536366,58.293
31.185796,2.538314,58.339
31.21113,2.541612,58.386
31.235792,2.544616,58.432
31.261372,2.547095,58.478
31.285967,2.549233,58.524
31.311361,2.549033,58.571
31.394668,2.551057,58.617
31.480548,2.544001,58.772
31.505808,2.542577,58.93
31.531154,2.542508,58.977
31.555944,2.543702,59.022
31.580902,2.54561,59.068
31.605963,2.548973,59.115
31.63041,2.551147,59.161
31.655802,2.554805,59.208
31.680414,2.558668,59.254
31.706225,2.56274,59.3
31.730887,2.569537,59.346
31.756212,2.573544,59.393
31.781966,2.578471,59.439
31.806523,2.581191,59.486
31.831563,2.587766,59.531
31.856027,2.592984,59.578
31.880249,2.59883,59.623
31.906072,2.602885,59.669
31.990223,2.609606,59.715
32.076435,2.642296,59.871
32.101673,2.648457,60.029
32.126919,2.653162,60.076
32.150993,2.659407,60.122
32.175638,2.665668,60.169
32.200728,2.671439,60.214
32.226049,2.678625,60.261
32.251433,2.684926,60.307
32.276662,2.694385,60.353
32.30199,2.701992,60.399
32.326754,2.71147,60.445
32.351956,2.719158,60.492
32.376904,2.728005,60.538
32.401165,2.737084,60.584
32.42634,2.747899,60.631
32.451411,2.756182,60.677
32.477123,2.764625,60.723
32.50229,2.773348,60.77
32.586555,2.78134,60.816
32.787281,2.837773,60.971
32.812326,2.84234,61.342
32.838061,2.845583,61.389
32.862921,2.848402,61.436
32.887543,2.850145,61.482
32.912207,2.851665,61.527
32.937462,2.852899,61.574
32.962453,2.852115,61.62
32.987789,2.853648,61.666
33.012991,2.853129,61.712
33.038162,2.854652,61.759
33.06369,2.855957,61.805
33.088166,2.859011,61.851
33.29064,2.85873,61.898
33.316111,2.8773,62.271
33.341197,2.879769,62.319
33.366245,2.885145,62.365
33.391339,2.890073,62.411
33.415965,2.895545,62.458
33.440786,2.899882,62.504
33.466503,2.90494,62.551
33.491343,2.910536,62.597
33.516557,2.914933,62.644
33.542104,2.920301,62.69
33.567559,2.923814,62.736
33.59278,2.928461,62.783
33.617398,2.931874,62.828
33.641609,2.935746,62.874
33.665938,2.93848,62.92
33.69086,2.943888,62.965
33.775501,2.949049,63.011
33.863215,2.980916,63.167
33.889158,2.983994,63.33
33.91386,2.989906,63.377
33.939592,2.995028,63.423
33.96466,3.002004,63.469
33.988889,3.00943,63.516
34.013937,3.013083,63.562
34.038578,3.018915,63.608
34.063684,3.021244,63.654
34.088913,3.02502,63.7
34.114694,3.026642,63.747
34.13932,3.03038,63.793
34.164791,3.030581,63.839
34.190119,3.033829,63.886
34.214022,3.035295,63.932
34.239097,3.038243,63.978
34.263584,3.039789,64.023
34.288444,3.041295,64.07
34.372478,3.042512,64.115
34.459566,3.036911,64.27
34.484691,3.035534,64.43
34.508867,3.034794,64.476
34.533435,3.033938,64.522
34.558894,3.033233,64.568
34.584576,3.034248,64.615
34.609421,3.033022,64.661
34.634219,3.033083,64.707
34.65964,3.03024,64.753
34.68448,3.028984,64.799
34.709978,3.027837,64.845
34.734277,3.026691,64.892
34.759767,3.026771,64.938
34.783927,3.024559,64.985
34.809582,3.023914,65.031
34.835068,3.023934,65.078
34.859848,3.023954,65.124
34.885264,3.022167,65.17
34.968972,3.021383,65.216
35.055272,3.001853,65.371
35.080244,2.99857,65.53
35.104427,2.992798,65.577
35.129917,2.986867,65.622
35.155457,2.978646,65.669
35.180524,2.97245,65.715
35.206053,2.9633,65.762
35.230897,2.951797,65.808
35.25621,2.940693,65.854
35.281001,2.929224,65.901
35.306053,2.917711,65.947
35.330525,2.904839,65.993
35.355696,2.89226,66.039
35.380847,2.878533,66.086
35.40636,2.867371,66.132
35.431063,2.853972,66.178
35.456645,2.83962,66.224
35.481485,2.822235,66.27
35.564251,2.806643,66.317
35.765458,2.618594,66.47
35.790283,2.603775,66.842
35.815174,2.58961,66.888
35.840345,2.578793,66.935
35.865923,2.56462,66.981
35.891129,2.551392,67.028
35.916484,2.539204,67.074
35.941901,2.525747,67.121
35.966768,2.508651,67.166
35.992366,2.494884,67.213
36.016511,2.477575,67.26
36.041406,2.457822,67.306
36.066312,2.435923,67.352
36.269558,2.410876,67.398
36.295086,2.182917,67.772
36.319796,2.155825,67.819
36.344207,2.128555,67.865
36.36932,2.100336,67.911
36.39436,2.074696,67.957
36.419508,2.048896,68.004
36.445067,2.028148,68.049
36.470488,2.00641,68.097
36.495586,1.990099,68.143
36.521257,1.972554,68.189
36.546136,1.959677,68.236
36.570315,1.947629,68.283
36.595667,1.938311,68.329
36.620158,1.931615,68.375
36.645921,1.928096,68.422
36.671195,1.928632,68.468
36.75571,1.927977,68.515
36.842663,1.966016,68.669
36.867558,1.978914,68.83
36.892967,1.993792,68.877
36.917212,2.007924,68.923
36.942329,2.024963,68.97
36.967254,2.042588,69.016
36.992544,2.061937,69.062
37.017439,2.077604,69.108
37.042399,2.095953,69.153
37.067312,2.115243,69.199
37.092529,2.134062,69.245
37.11767,2.15486,69.292
37.14203,2.175124,69.338
37.167074,2.194527,69.385
37.192341,2.211473,69.431
37.218085,2.229625,69.478
37.243198,2.245114,69.524
37.267977,2.261519,69.57
37.352303,2.277859,69.615
37.437785,2.381678,69.771
37.462956,2.398814,69.93
37.487989,2.418678,69.976
37.513417,2.435637,70.022
37.538308,2.455042,70.068
37.564074,2.472817,70.115
37.589872,2.491612,70.161
37.61432,2.509745,70.208
37.639388,2.526842,70.254
37.66472,2.545561,70.299
37.688854,2.561676,70.346
37.713537,2.579476,70.393
37.7393,2.59526,70.439
37.764578,2.613144,70.485
37.789376,2.627147,70.531
37.815108,2.643392,70.578
37.840506,2.655919,70.624
37.865247,2.671268,70.671
37.948524,2.685075,70.717
38.033457,2.750281,70.871
38.059527,2.758493,71.031
38.084813,2.767621,71.077
38.109953,2.774453,71.123
38.13532,2.781905,71.17
38.161179,2.787575,71.216
38.18585,2.791483,71.263
38.210745,2.796859,71.309
38.235908,2.802238,71.355
38.259877,2.810115,71.401
38.28514,2.81561,71.448
38.310826,2.822366,71.494
38.335978,2.826468,71.541
38.361014,2.832735,71.587
38.386423,2.836568,71.632
38.41169,2.842758,71.679
38.436731,2.846531,71.725
38.462109,2.851354,71.772
38.544649,2.856602,71.818
38.745145,2.892935,71.973
38.770112,2.895654,72.342
38.794841,2.900895,72.389
38.820915,2.904263,72.435
38.845986,2.906336,72.482
38.871261,2.908407,72.528
38.895982,2.910029,72.574
38.922083,2.915043,72.621
38.946236,2.916788,72.667
38.970477,2.922469,72.714
38.995863,2.924868,72.76
39.02118,2.930428,72.806
39.046517,2.93489,72.853
39.248357,2.942463,72.898
39.273701,2.981146,73.272
39.298695,2.985522,73.318
39.323275,2.987731,73.365
39.349049,2.991685,73.411
39.374012,2.996121,73.457
39.399233,3.000909,73.503
39.423851,3.002903,73.549
39.449621,3.008929,73.595
39.473482,3.013697,73.642
39.498968,3.019928,73.688
39.52404,3.025475,73.734
39.548957,3.03056,73.781
39.57404,3.03666,73.827
39.599806,3.04198,73.873
39.625131,3.048612,73.919
39.649138,3.053681,73.965
39.732887,3.062675,74.012
39.821943,3.103567,74.166
39.846353,3.113297,74.33
39.871036,3.120772,74.376
39.896268,3.130372,74.421
39.922204,3.138099,74.469
39.94716,3.148443,74.515
39.972212,3.15544,74.561
39.997398,3.165399,74.608
40.022681,3.175042,74.653
40.046972,3.184492,74.699
40.071851,3.193395,74.746
40.097033,3.200081,74.793
40.122066,3.207217,74.839
40.147448,3.216116,74.886
40.173053,3.227912,74.932
40.197902,3.236791,74.978
40.223019,3.247592,75.024
40.248175,3.256316,75.07
40.330418,3.265911,75.116
40.416803,3.315353,75.271
40.442286,3.324172,75.43
40.467361,3.329675,75.477
40.492854,3.336595,75.523
40.518567,3.341912,75.568
40.543235,3.348169,75.615
40.568836,3.353267,75.662
40.593254,3.358273,75.708
40.617772,3.363221,75.755
40.643412,3.367878,75.8
40.668425,3.37322,75.847
40.693596,3.375968,75.894
40.718583,3.379756,75.941
40.744491,3.382775,75.987
40.769693,3.386248,76.032
40.79466,3.388397,76.08
40.82025,3.391619,76.127
40.845429,3.394309,76.173
40.928618,3.396937,76.219
41.012475,3.393957,76.374
41.038095,3.392599,76.53
41.064077,3.388855,76.576
41.089137,3.388306,76.622
41.113216,3.385144,76.669
41.138683,3.383719,76.715
41.16372,3.38118,76.762
41.188103,3.379232,76.808
41.214554,3.376343,76.855
41.23999,3.374525,76.902
41.264331,3.373511,76.948
41.289967,3.372266,76.994
41.315099,3.374385,77.041
41.340482,3.375408,77.087
41.364489,3.375799,77.132
41.390182,3.374465,77.179
41.415099,3.376593,77.225
41.439541,3.375918,77.272
41.524427,3.377102,77.319
41.723736,3.421827,77.473
41.749426,3.431897,77.842
41.774474,3.439072,77.889
41.799418,3.447806,77.935
41.824236,3.455031,77.981
41.849518,3.463484,78.028
41.874197,3.47024,78.074
41.898758,3.478108,78.121
41.92467,3.486541,78.166
41.949972,3.493962,78.213
41.974989,3.502636,78.26
42.00026,3.511188,78.306
42.025865,3.519977,78.352
42.227037,3.525091,78.398
42.252419,3.581884,78.772
42.278144,3.590442,78.819
42.302566,3.598724,78.865
42.328516,3.603319,78.911
42.353929,3.609229,78.958
42.378467,3.61011,79.004
42.402082,3.612857,79.05
42.427487,3.611551,79.097
42.452862,3.614183,79.142
42.477195,3.614233,79.188
42.502677,3.61511,79.234
42.528248,3.612403,79.28
42.55214,3.610575,79.326
42.577556,3.609088,79.372
42.602462,3.607993,79.418
42.627011,3.606111,79.465
42.711614,3.600432,79.511
42.799578,3.586553,79.665
42.825843,3.587529,79.831
42.850876,3.589771,79.877
42.87549,3.591722,79.923
42.901064,3.596807,79.97
42.926585,3.601341,80.016
42.951579,3.606426,80.062
42.976063,3.609544,80.109
43.001007,3.615645,80.154
43.026551,3.620169,80.2
43.050738,3.626905,80.248
43.076412,3.631819,80.293
43.101434,3.63769,80.339
43.125806,3.642474,80.385
43.152164,3.649241,80.432
43.177761,3.655231,80.479
43.202283,3.660983,80.525
43.226055,3.669879,80.571
43.310635,3.674657,80.617
43.396774,3.699428,80.772
43.421519,3.703664,80.93
43.446621,3.708601,80.976
43.472241,3.714664,81.023
43.497854,3.720105,81.07
43.522222,3.724792,81.115
43.546625,3.731094,81.163
43.572318,3.734885,81.209
43.597239,3.741563,81.255
43.622626,3.745016,81.302
43.647881,3.750938,81.348
43.673375,3.755515,81.395
43.697885,3.759657,81.441
43.723298,3.76416,81.487
43.748657,3.769572,81.533
43.773068,3.774679,81.58
43.797685,3.778232,81.625
43.822687,3.784613,81.672
43.906975,3.788471,81.718
43.992484,3.811093,81.873
44.016933,3.812308,82.03
44.041735,3.81556,82.076
44.067209,3.817679,82.123
44.091585,3.821422,82.169
44.116864,3.822987,82.215
44.142995,3.827274,82.262
44.168112,3.829452,82.308
44.192373,3.832081,82.354
44.218243,3.833919,82.401
44.242703,3.838003,82.447
44.26683,3.839861,82.492
44.29192,3.843229,82.538
44.316964,3.846153,82.585
44.341267,3.848161,82.629
44.366714,3.851229,82.675
44.391793,3.853698,82.721
44.416188,3.858137,82.767
44.499438,3.858365,82.813
44.703703,3.892566,82.968
44.727691,3.895093,83.342
44.752693,3.899301,83.388
44.776619,3.900648,83.434
44.801533,3.900963,83.481
44.826996,3.899522,83.526
44.852324,3.900883,83.572
44.877238,3.900598,83.619
44.902574,3.903956,83.665
44.928206,3.905333,83.712
44.953404,3.908711,83.758
44.977645,3.911478,83.805
45.0035,3.914996,83.851
45.207573,3.916462,83.898
45.232179,3.951635,84.272
45.256866,3.956319,84.318
45.28191,3.962449,84.364
45.305917,3.963846,84.41
45.331211,3.968861,84.456
45.356263,3.971234,84.501
45.38115,3.974381,84.548
45.406155,3.979085,84.594
45.432045,3.983215,84.64
45.457166,3.98896,84.687
45.480739,3.993544,84.733
45.506386,3.998973,84.779
45.531046,4.003042,84.825
45.556444,4.008422,84.871
45.581649,4.010894,84.918
45.607404,4.015439,84.965
45.690812,4.017306,85.011
45.780328,4.038205,85.165
45.805223,4.03928,85.331
45.830278,4.043845,85.377
45.856168,4.046948,85.423
45.880325,4.053595,85.469
45.905173,4.056362,85.515
45.930167,4.059384,85.562
45.95505,4.061596,85.608
45.980597,4.063383,85.654
46.006045,4.06598,85.701
46.031439,4.067687,85.747
46.056149,4.072806,85.794
46.081727,4.074203,85.84
46.106737,4.078222,85.887
46.130137,4.080855,85.933
46.155726,4.087054,85.979
46.181036,4.09112,86.024
46.206092,4.097514,86.071
46.290517,4.101326,86.118
46.376288,4.118676,86.272
46.401428,4.11969,86.431
46.426011,4.123638,86.477
46.450195,4.126786,86.523
46.475773,4.130694,86.569
46.500829,4.133223,86.616
46.525547,4.136776,86.662
46.55134,4.140048,86.708
46.577149,4.143722,86.755
46.602504,4.147575,86.801
46.627283,4.151518,86.848
46.652516,4.15709,86.894
46.678497,4.159968,86.941
46.70154,4.165669,86.987
46.727318,4.170317,87.033
46.75204,4.178992,87.079
46.776838,4.184783,87.126
46.802662,4.190625,87.172
46.886661,4.196592,87.217
46.971971,4.238469,87.373
46.99607,4.244341,87.53
47.021318,4.251327,87.577
47.046646,4.257336,87.623
47.07171,4.261765,87.669
47.096577,4.264312,87.715
47.122071,4.267687,87.761
47.147795,4.269355,87.808
47.172321,4.268871,87.854
47.196531,4.269139,87.9
47.221983,4.266293,87.946
47.246408,4.263178,87.992
47.271602,4.258531,88.038
47.297188,4.252975,88.085
47.322774,4.245375,88.131
47.347108,4.237423,88.177
47.372463,4.228534,88.224
47.397746,4.218863,88.27
47.480201,4.209945,88.316
47.682226,4.047207,88.47
47.706697,4.021825,88.843
47.731868,3.994785,88.889
47.757827,3.964586,88.935
47.783259,3.932813,88.982
47.808069,3.899587,89.028
47.833413,3.865852,89.074
47.858592,3.830932,89.12
47.882814,3.796686,89.167
47.908473,3.764165,89.213
47.932802,3.732877,89.26
47.957359,3.703318,89.306
47.982368,3.673867,89.351
48.185907,3.648039,89.397
48.210502,3.508095,89.772
48.235058,3.500073,89.819
48.26102,3.493337,89.865
48.285992,3.489578,89.911
48.311009,3.486665,89.958
48.33696,3.48582,90.004
48.362357,3.485469,90.051
48.38671,3.48608,90.097
48.412077,3.48632,90.144
48.437271,3.487762,90.19
48.461098,3.492091,90.236
48.486153,3.495249,90.282
48.511778,3.498576,90.328
48.537045,3.501914,90.374
48.561993,3.506064,90.421
48.587417,3.509972,90.467
48.67099,3.515513,90.514
48.759492,3.541185,90.668
48.784421,3.544463,90.83
48.808382,3.548612,90.877
48.833787,3.551869,90.923
48.859193,3.554252,90.969
48.883277,3.557505,91.015
48.90922,3.558772,91.062
48.934226,3.560638,91.108
48.9594,3.56219,91.154
48.984233,3.562671,91.2
49.009869,3.562179,91.246
49.034007,3.561414,91.292
49.05819,3.561053,91.339
49.08436,3.558751,91.385
49.109174,3.558882,91.432
49.134479,3.56221,91.478
49.159201,3.5629,91.524
49.18516,3.566419,91.57
49.267753,3.570258,91.615
49.354303,3.595791,91.771
49.378775,3.602126,91.931
49.404384,3.607562,91.976
49.430139,3.613592,92.023
49.454457,3.620158,92.069
49.480604,3.627415,92.115
49.505387,3.634151,92.162
49.529855,3.641438,92.207
49.554446,3.649881,92.253
49.579359,3.659248,92.3
49.6044,3.666814,92.346
49.629183,3.676433,92.392
49.654911,3.685788,92.439
49.680051,3.695554,92.485
49.705187,3.705287,92.531
49.730938,3.712968,92.578
49.75589,3.723397,92.624
49.780981,3.731503,92.67
49.863847,3.741503,92.716
49.950051,3.795597,92.871
49.975407,3.806016,93.03
50.000601,3.813012,93.077
50.025445,3.823311,93.123
50.051312,3.83253,93.169
50.076778,3.841026,93.216
50.100663,3.849326,93.263
50.125953,3.857497,93.309
50.150317,3.865013,93.355
50.175442,3.873937,93.4
50.200974,3.880625,93.447
50.226341,3.88679,93.494
50.251696,3.894568,93.54
50.276295,3.9023,93.587
50.302365,3.909876,93.633
50.327163,3.916322,93.679
50.351566,3.92432,93.725
50.376902,3.92978,93.772
50.460387,3.933218,93.818
50.66081,3.939709,93.973
50.686023,3.942646,94.343
50.710925,3.944738,94.389
50.736215,3.945854,94.435
50.761459,3.947561,94.481
50.786565,3.949067,94.528
50.81094,3.951614,94.574
50.836415,3.955873,94.621
50.861025,3.958546,94.666
50.886465,3.960647,94.713
50.912189,3.96259,94.76
50.937245,3.966983,94.806
50.962028,3.96846,94.852
51.164141,3.970852,94.899
51.189404,3.994649,95.272
51.21413,3.996971,95.319
51.239266,3.997927,95.364
51.265033,3.999003,95.411
51.289762,3.998753,95.456
51.313753,3.998347,95.503
51.338725,3.997111,95.548
51.364115,3.996971,95.595
51.388629,3.998528,95.641
51.414284,4.000519,95.687
51.439416,4.000269,95.733
51.464099,4.000189,95.78
51.489674,4.001876,95.826
51.515456,4.002066,95.873
51.539808,4.002531,95.918
51.563347,4.001835,95.964
51.647934,4.002462,96.011
51.7371,3.999999,96.165
51.762141,4.000899,96.33
51.787177,4.001947,96.377
51.811768,4.001396,96.423
51.838234,4.003252,96.469
51.863313,4.003527,96.516
51.888276,4.002401,96.562
51.913136,4.002381,96.608
51.938265,4.002301,96.654
51.961707,4.001655,96.7
51.987193,3.999063,96.746
52.012733,3.998318,96.792
52.037089,3.997021,96.838
52.062602,3.994369,96.885
52.088142,3.992377,96.931
52.113536,3.989685,96.977
52.137892,3.989445,97.024
52.16223,3.987903,97.07
52.246283,3.985886,97.116
52.333214,3.974366,97.271
52.357758,3.97349,97.431
52.383383,3.972264,97.477
52.409065,3.970397,97.524
52.434147,3.966979,97.57
52.458661,3.963941,97.615
52.484067,3.961158,97.662
52.508688,3.958451,97.709
52.53369,3.956049,97.755
52.55966,3.953476,97.801
52.584655,3.951074,97.847
52.609553,3.948872,97.894
52.634678,3.94655,97.939
52.660391,3.941556,97.986
52.685819,3.938478,98.032
52.710122,3.934339,98.079
52.734874,3.930095,98.125
52.759795,3.926537,98.172
52.844283,3.92454,98.218
52.929392,3.912549,98.373
52.954913,3.910782,98.531
52.980599,3.910076,98.578
53.005827,3.909646,98.624
53.029723,3.908069,98.671
53.055712,3.906519,98.716
53.079903,3.90282,98.762
53.104663,3.901814,98.809
53.130768,3.899221,98.855
53.155405,3.895803,98.902
53.180899,3.890418,98.947
53.205828,3.884587,98.994
53.231759,3.879559,99.04
53.256143,3.874636,99.087
53.280461,3.870344,99.133
53.305739,3.865757,99.18
53.330968,3.861718,99.225
53.355905,3.856282,99.272
53.440173,3.853209,99.319
53.639962,3.807998,99.473
53.666067,3.803907,99.843
53.690811,3.7994,99.889
53.715456,3.795001,99.936
53.740335,3.791039,99.982
53.765425,3.788501,100.028
53.789401,3.784707,100.073
53.814734,3.782328,100.12
53.840696,3.779755,100.166
53.866082,3.776777,100.213
53.890573,3.773713,100.259
53.915863,3.773034,100.305
53.940101,3.770936,100.35
54.143332,3.768186,100.396
54.16881,3.768976,100.772
54.194296,3.77226,100.818
54.219068,3.776003,100.865
54.244247,3.78063,100.911
54.269633,3.785097,100.958
54.293517,3.791589,101.004
54.318711,3.7974,101.051
54.343544,3.803092,101.097
54.36923,3.809004,101.143
54.394128,3.815095,101.189
54.419894,3.820408,101.236
54.445027,3.827723,101.282
54.469825,3.835923,101.328
54.493955,3.842999,101.374
54.519944,3.85069,101.421
54.544086,3.858117,101.466
54.628796,3.865997,101.513
54.716503,3.905577,101.667
54.742035,3.913414,101.831
54.767705,3.919044,101.877
54.792365,3.924714,101.923
54.818301,3.930675,101.97
54.843441,3.93584,102.016
54.868182,3.940504,102.063
54.892177,3.946063,102.109
54.917083,3.950448,102.155
54.942792,3.956588,102.201
54.967356,3.960087,102.248
54.993368,3.965672,102.295
55.018351,3.972609,102.341
55.043015,3.979575,102.387
55.068547,3.98507,102.433
55.093837,3.988749,102.48
55.118094,3.991321,102.526
55.142197,3.994099,102.572
55.227564,3.997526,102.618
55.312454,4.032184,102.772
55.338202,4.036838,102.931
55.362747,4.03903,102.977
55.388037,4.041903,103.024
55.4133,4.04462,103.07
55.437268,4.048959,103.116
55.462113,4.051082,103.163
55.488029,4.055685,103.209
55.513342,4.058057,103.255
55.538152,4.061325,103.301
55.563216,4.063092,103.347
55.588832,4.066681,103.394
55.613231,4.069558,103.44
55.638152,4.07221,103.486
55.662743,4.074873,103.532
55.68816,4.077084,103.579
55.712993,4.080343,103.625
55.739109,4.082986,103.672
55.822828,4.085799,103.718
55.908191,4.086538,103.873
55.932913,4.086187,104.031
55.95775,4.085961,104.077
55.982663,4.083141,104.123
56.007688,4.083231,104.17
56.033443,4.082245,104.216
56.058975,4.081364,104.263
56.084619,4.077746,104.309
56.10959,4.075864,104.356
56.13455,4.076104,104.402
56.160151,4.073462,104.448
56.183685,4.072535,104.494
56.208553,4.070659,104.54
56.234266,4.069133,104.586
56.258549,4.066235,104.631
56.283985,4.066085,104.679
56.309479,4.064999,104.725
56.334838,4.063682,104.771
56.418,4.063137,104.817
56.619061,4.071489,104.972
56.64321,4.07189,105.343
56.668638,4.074072,105.389
56.693352,4.076474,105.435
56.7181,4.078857,105.481
56.743894,4.078261,105.528
56.769618,4.080303,105.574
56.794359,4.081979,105.621
56.820137,4.083741,105.667
56.845661,4.082315,105.713
56.870448,4.0823,105.76
56.894363,4.079912,105.807
56.919357,4.077841,105.853
57.12275,4.076143,105.898
57.146991,4.068267,106.272
57.172273,4.069683,106.318
57.197106,4.072577,106.364
57.221686,4.075494,106.41
57.24658,4.079473,106.455
57.272066,4.081604,106.502
57.296884,4.085233,106.549
57.322193,4.08996,106.595
57.347802,4.092718,106.641
57.372059,4.094958,106.688
57.396715,4.096143,106.734
57.42189,4.10128,106.78
57.447199,4.103953,106.826
57.472324,4.107925,106.873
57.49781,4.111933,106.92
57.523549,4.116336,106.966
57.607311,4.121438,107.013
57.695378,4.148392,107.167
57.71995,4.152156,107.33
57.745505,4.155799,107.377
57.770465,4.159613,107.422
57.794553,4.164159,107.469
57.820204,4.169841,107.515
57.845686,4.176787,107.562
57.8705,4.183538,107.609
57.896197,4.190478,107.655
57.921964,4.196746,107.702
57.946666,4.204052,107.748
57.971622,4.211438,107.794
57.997062,4.220763,107.84
58.021975,4.228933,107.886
58.045702,4.237411,107.933
58.071253,4.245474,107.979
58.09692,4.253634,108.025
58.121956,4.262538,108.072
58.206128,4.271678,108.119
58.291054,4.315346,108.273
58.316348,4.324009,108.431
58.340497,4.328493,108.477
58.36536,4.334323,108.523
58.391277,4.339568,108.569
58.416909,4.344948,108.616
58.44143,4.346775,108.662
58.466544,4.350538,108.709
58.492456,4.353311,108.755
58.51737,4.356294,108.801
58.541377,4.358686,108.847
58.566141,4.360918,108.893
58.591619,4.36302,108.939
58.61578,4.365011,108.985
58.642215,4.36829,109.032
58.667512,4.371688,109.079
58.692046,4.376903,109.124
58.717028,4.378984,109.17
58.799595,4.383619,109.217
58.886541,4.397141,109.371
58.910698,4.400559,109.53
58.936061,4.403917,109.577
58.961773,4.409182,109.623
58.987279,4.410559,109.668
59.011754,4.412916,109.715
59.036337,4.415383,109.76
59.061401,4.419742,109.806
59.085408,4.422134,109.853
59.11054,4.425402,109.899
59.13638,4.42886,109.946
59.161666,4.431112,109.992
59.187033,4.433354,110.039
59.2123,4.436982,110.085
59.237271,4.43861,110.131
59.26182,4.442593,110.177
59.287306,4.445982,110.224
59.312658,4.448984,110.27
59.395996,4.450401,110.316
59.597091,4.476,110.471
59.621867,4.477276,110.843
59.64703,4.478837,110.889
59.672651,4.480023,110.936
59.697914,4.483227,110.982
59.722382,4.485488,111.028
59.748467,4.48763,111.074
59.772393,4.489503,111.12
59.797015,4.492715,111.166
59.822424,4.494948,111.213
59.846777,4.498245,111.258
59.872405,4.499341,111.305
59.897326,4.503375,111.351
60.100373,4.506418,111.398
60.124853,4.536329,111.772
60.149955,4.539183,111.819
60.17599,4.545255,111.865
60.200531,4.551117,111.912
60.22569,4.555944,111.958
60.250946,4.560712,112.004
60.277458,4.566962,112.051
60.301599,4.571629,112.097
60.326201,4.575918,112.143
60.351426,4.580755,112.189
60.375917,4.585851,112.236
60.400988,4.592679,112.282
60.426728,4.598689,112.328
60.452018,4.605885,112.374
60.476863,4.611797,112.421
60.501868,4.618639,112.468
60.584343,4.62416,112.513
60.673705,4.661744,112.668
60.698058,4.668006,112.831
60.722483,4.671369,112.877
60.748269,4.673868,112.923
60.773851,4.678465,112.969
60.798434,4.684436,113.016
60.824086,4.68763,113.062
60.849652,4.691353,113.108
60.874635,4.696,113.155
60.90004,4.700848,113.202
60.924923,4.706008,113.247
60.948492,4.712719,113.294
60.973663,4.719277,113.34
60.998807,4.724788,113.385
61.024201,4.73116,113.431
61.049441,4.737411,113.478
61.074205,4.743121,113.525
61.100252,4.750327,113.571
61.183053,4.758139,113.618
61.268497,4.814562,113.772
61.294083,4.823526,113.931
61.319595,4.832934,113.977
61.344905,4.840812,114.024
61.369411,4.84982,114.069
61.394955,4.856561,114.115
61.418793,4.864293,114.161
61.442646,4.871419,114.206
61.468512,4.881099,114.253
61.493718,4.891908,114.299
61.518751,4.902158,114.345
61.54368,4.913518,114.391
61.569558,4.926325,114.438
61.594333,4.936304,114.484
61.618851,4.94472,114.53
61.643795,4.951678,114.575
61.667418,4.959718,114.621
61.692608,4.968632,114.668
61.777629,4.978846,114.713
61.864821,5.024116,114.868
61.890411,5.030707,115.031
61.916131,5.036618,115.077
61.940626,5.042895,115.123
61.966381,5.048991,115.17
61.990442,5.054943,115.216
62.014868,5.059821,115.262
62.040795,5.064428,115.308
62.065544,5.0702,115.354
62.09063,5.073822,115.401
62.115698,5.078239,115.448
62.141468,5.081258,115.495
62.166823,5.086175,115.54
62.191472,5.089488,115.587
62.216543,5.094086,115.633
62.240738,5.095955,115.679
62.265844,5.099938,115.724
62.291453,5.101211,115.771
62.374811,5.10283,115.817
62.576156,5.118836,115.972
62.601054,5.119091,116.343
62.626428,5.118428,116.389
62.651526,5.118077,116.436
62.677327,5.118407,116.482
62.701573,5.119241,116.529
62.72558,5.118557,116.575
62.750751,5.119301,116.621
62.775883,5.117483,116.666
62.801162,5.117602,116.712
62.826832,5.119161,116.759
62.852234,5.12003,116.805
62.876371,5.120345,116.851
63.079441,5.119832,116.898
63.104635,5.121605,117.272
63.129514,5.122554,117.319
63.154662,5.122493,117.365
63.18026,5.123099,117.412
63.206003,5.12046,117.458
63.22966,5.119746,117.505
63.2551,5.119195,117.552
63.28036,5.117157,117.598
63.304974,5.116917,117.644
63.331259,5.116323,117.691
63.356003,5.114728,117.737
63.38124,5.113039,117.783
63.406749,5.113794,117.83
63.431981,5.113384,117.876
63.45671,5.11291,117.922
63.480502,5.111895,117.968
63.565089,5.108786,118.015
63.652035,5.112545,118.17
63.677733,5.113013,118.331
63.702646,5.114783,118.377
63.727675,5.118076,118.424
63.753407,5.121144,118.47
63.778451,5.123334,118.517
63.803622,5.125831,118.562
63.828471,5.129155,118.609
63.853691,5.131254,118.655
63.877871,5.132298,118.702
63.903211,5.134797,118.748
63.928548,5.136735,118.794
63.953415,5.142104,118.841
63.978878,5.148929,118.886
64.003991,5.155404,118.933
64.029374,5.164063,118.979
64.053477,5.17083,119.025
64.07839,5.176852,119.071
64.16174,5.183252,119.118
64.248214,5.225121,119.272
64.273058,5.230841,119.431
64.298333,5.237743,119.478
64.324365,5.242157,119.524
64.349605,5.247927,119.571
64.373612,5.252952,119.616
64.398395,5.257686,119.663
64.422878,5.26215,119.708
64.44808,5.266629,119.754
64.473262,5.272509,119.8
64.498902,5.27845,119.846
64.523435,5.285097,119.892
64.548291,5.291857,119.938
64.573408,5.299198,119.985
64.597535,5.303608,120.031
64.622898,5.309279,120.077
64.647761,5.316105,120.123
64.673578,5.322296,120.169
64.757066,5.326889,120.215
64.84445,5.352202,120.37
64.869752,5.356848,120.531
64.894669,5.364144,120.578
64.919395,5.370239,120.624
64.943659,5.374231,120.671
64.969721,5.379072,120.716
64.993955,5.38404,120.763
65.019456,5.388485,120.809
65.044842,5.393717,120.855
65.070152,5.400319,120.902
65.095645,5.405711,120.948
65.120716,5.409958,120.994
65.146164,5.415316,121.041
65.170198,5.420948,121.088
65.194762,5.426639,121.133
65.220402,5.43311,121.179
65.245703,5.439476,121.226
65.270782,5.446702,121.271
65.354463,5.452805,121.319
65.555055,5.495423,121.473
65.580687,5.501345,121.843
65.605028,5.506758,121.89
65.629238,5.512719,121.936
65.654217,5.517067,121.982
65.680279,5.52093,122.029
65.704867,5.525298,122.075
65.730322,5.530255,122.121
65.755339,5.534993,122.167
65.780725,5.538405,122.214
65.804982,5.541084,122.259
65.830553,5.543966,122.306
65.854963,5.548279,122.352
66.058067,5.552397,122.398
66.083891,5.607048,122.773
66.108778,5.612378,122.819
66.133265,5.62086,122.865
66.157622,5.627987,122.911
66.182847,5.633327,122.958
66.207902,5.638923,123.004
66.232551,5.646324,123.05
66.25836,5.652254,123.096
66.283292,5.657769,123.141
66.307388,5.664465,123.186
66.331952,5.670036,123.232
66.356224,5.676777,123.278
66.381064,5.681222,123.323
66.406512,5.686822,123.369
66.43166,5.691916,123.415
66.456416,5.700699,123.462
66.54055,5.70707,123.508
66.631123,5.751711,123.663
66.656616,5.76112,123.831
66.682102,5.771254,123.877
66.706835,5.781474,123.924
66.732268,5.791698,123.97
66.757515,5.799047,124.016
66.781956,5.807978,124.064
66.805937,5.816673,124.11
66.831645,5.82548,124.156
66.857354,5.837222,124.202
66.881642,5.847951,124.247
66.907151,5.85932,124.294
66.933059,5.868426,124.341
66.958069,5.876995,124.387
66.982764,5.883662,124.433
67.008319,5.892715,124.48
67.032199,5.897453,124.527
67.057055,5.9018,124.573
67.142149,5.904474,124.619
67.227259,5.932532,124.773
67.252445,5.93749,124.931
67.27611,5.941492,124.977
67.301412,5.948658,125.023
67.326775,5.955265,125.069
67.351293,5.958648,125.116
67.376694,5.96274,125.162
67.402649,5.969227,125.209
67.428181,5.975138,125.255
67.452876,5.980959,125.302
67.478592,5.986702,125.347
67.503233,5.993477,125.394
67.527651,5.997561,125.441
67.554021,6.002912,125.487
67.5786,6.009614,125.533
67.603187,6.016166,125.58
67.628474,6.022657,125.626
67.65409,6.030729,125.673
67.737463,6.037636,125.718
67.823065,6.068189,125.873
67.847928,6.074984,126.031
67.873107,6.082351,126.078
67.898501,6.088113,126.123
67.922888,6.092496,126.169
67.948182,6.097501,126.215
67.974267,6.101309,126.262
67.999554,6.104707,126.309
68.023833,6.107736,126.355
68.04915,6.11326,126.402
68.073346,6.119362,126.448
68.098102,6.125581,126.494
68.123849,6.130597,126.54
68.149396,6.138237,126.587
68.174114,6.148378,126.633
68.199785,6.159213,126.679
68.225301,6.17206,126.726
68.250695,6.185802,126.772
68.333338,6.201292,126.818
68.533838,6.34047,126.973
68.558225,6.35482,127.343
68.583696,6.370176,127.389
68.608521,6.385478,127.435
68.63347,6.401114,127.481
68.659716,6.41653,127.528
68.685056,6.429609,127.574
68.709305,6.444401,127.62
68.734814,6.456502,127.667
68.760216,6.469379,127.714
68.784142,6.479514,127.76
68.808645,6.491625,127.806
68.834799,6.504146,127.852
69.037189,6.519701,127.898
69.061177,6.622815,128.272
69.086563,6.636457,128.319
69.111465,6.650414,128.365
69.13692,6.661658,128.411
69.162767,6.670412,128.458
69.187693,6.679491,128.504
69.212987,6.688047,128.55
69.238035,6.697377,128.596
69.263029,6.707408,128.643
69.287493,6.717052,128.689
69.312318,6.725976,128.735
69.33792,6.734796,128.782
69.363659,6.742958,128.829
69.388292,6.753541,128.875
69.414032,6.762365,128.922
69.439226,6.770836,128.969
69.523083,6.779586,129.015
69.611243,6.839752,129.17
69.635607,6.848801,129.331
69.661063,6.859846,129.377
69.686126,6.869823,129.424
69.710483,6.880478,129.471
69.736514,6.891678,129.517
69.761639,6.902303,129.564
69.786311,6.914174,129.61
69.811151,6.926455,129.656
69.837167,6.938651,129.702
69.862123,6.952068,129.749
69.886196,6.966172,129.794
69.910798,6.979615,129.84
69.935815,6.991486,129.887
69.960986,7.003381,129.932
69.986242,7.01726,129.979
70.011889,7.029776,130.025
70.036745,7.042272,130.072
70.121747,7.054854,130.118
70.206043,7.122827,130.273
70.231183,7.133256,130.432
70.256262,7.143966,130.478
70.281663,7.154244,130.524
70.306903,7.165553,130.571
70.332297,7.17766,130.617
70.356777,7.186885,130.663
70.382147,7.198361,130.71
70.407472,7.20872,130.755
70.432336,7.219932,130.802
70.456247,7.23316,130.848
70.481825,7.247961,130.894
70.506927,7.259435,130.939
70.531813,7.271562,130.986
70.557522,7.28488,131.033
70.582916,7.296535,131.079
70.608179,7.309555,131.126
70.633066,7.319604,131.172
70.715871,7.328462,131.218
70.802064,7.387065,131.374
70.826589,7.401064,131.531
70.851968,7.414911,131.577
70.877653,7.42938,131.624
70.902694,7.443259,131.67
70.927473,7.457776,131.716
70.952805,7.470703,131.762
70.9775,7.48341,131.809
71.002225,7.496132,131.855
71.027535,7.511689,131.902
71.052951,7.526675,131.949
71.078845,7.539554,131.995
71.10337,7.553386,132.041
71.12941,7.566114,132.088
71.154342,7.578237,132.134
71.178883,7.588546,132.18
71.203217,7.600669,132.226
71.228711,7.612796,132.273
71.311692,7.625125,132.319
71.512476,7.745122,132.474
71.53737,7.756622,132.843
71.562818,7.770956,132.889
71.588158,7.78143,132.936
71.613329,7.793512,132.982
71.6382,7.803371,133.029
71.664124,7.811014,133.075
71.68822,7.820211,133.121
71.713245,7.831032,133.168
71.738247,7.842237,133.214
71.763733,7.852181,133.261
71.78842,7.862866,133.307
71.813406,7.871769,133.353
72.015704,7.881783,133.398
72.040506,7.981424,133.773
72.0661,7.995586,133.819
72.091601,8.009343,133.866
72.116711,8.024271,133.912
72.142058,8.039971,133.959
72.167337,8.055682,134.005
72.192416,8.070244,134.051
72.216296,8.084496,134.098
72.241966,8.098748,134.144
72.266592,8.113825,134.19
72.291939,8.127496,134.236
72.316772,8.141709,134.283
72.342758,8.154726,134.33
72.368536,8.168578,134.376
72.393184,8.18275,134.422
72.418755,8.199496,134.469
72.501429,8.21906,134.515
72.589389,8.351755,134.67
72.613838,8.373554,134.831
72.638686,8.394292,134.877
72.664049,8.410853,134.923
72.68909,8.426574,134.97
72.713969,8.444528,135.015
72.739332,8.461282,135.061
72.764288,8.479079,135.107
72.788022,8.498683,135.153
72.813638,8.518915,135.199
72.83871,8.538441,135.245
72.862843,8.5573,135.292
72.888629,8.575115,135.338
72.914246,8.590102,135.384
72.939578,8.608578,135.431
72.964173,8.627697,135.477
72.989382,8.649882,135.523
73.014814,8.673148,135.57
73.098349,8.69712,135.616
73.184657,8.842593,135.771
73.209721,8.872998,135.931
73.236213,8.904891,135.978
73.26047,8.936714,136.024
73.285572,8.969038,136.07
73.311327,9.001156,136.116
73.335553,9.035358,136.162
73.360124,9.065997,136.208
73.385549,9.09728,136.255
73.41082,9.12904,136.301
73.435499,9.157516,136.348
73.460355,9.187059,136.393
73.486225,9.215669,136.44
73.510997,9.243336,136.485
73.535476,9.273043,136.532
73.560355,9.303394,136.578
73.585165,9.331945,136.624
73.610236,9.360882,136.67
73.694785,9.39032,136.717
73.780717,9.520522,136.873
73.806349,9.541077,137.031
73.832011,9.563332,137.078
73.855976,9.584622,137.124
73.880824,9.606536,137.17
73.904405,9.630049,137.216
73.929998,9.653835,137.261
73.955231,9.677537,137.307
73.980456,9.705076,137.353
74.005734,9.734165,137.399
74.030552,9.764216,137.445
74.056315,9.795184,137.492
74.079903,9.826931,137.538
74.104252,9.860285,137.584
74.130153,9.8922,137.63
74.154701,9.923245,137.677
74.180034,9.952492,137.723
74.205573,9.982013,137.769
74.289308,10.010094,137.816
74.491459,10.33749,137.97
74.516554,10.373282,138.344
74.541586,10.410427,138.389
74.566304,10.445098,138.436
74.591483,10.479325,138.482
74.615532,10.511136,138.528
74.64121,10.545021,138.574
74.666488,10.579698,138.621
74.691544,10.614761,138.667
74.716623,10.648817,138.713
74.742117,10.683313,138.759
74.767618,10.719541,138.806
74.791713,10.756972,138.852
74.994687,10.795692,138.898
75.019866,11.118746,139.272
75.044791,11.157711,139.319
75.070692,11.195588,139.365
75.09614,11.23118,139.412
75.120942,11.265701,139.458
75.144991,11.301085,139.504
75.171414,11.335886,139.551
75.196255,11.371845,139.597
75.220827,11.407859,139.643
75.247081,11.443279,139.69
75.272175,11.474831,139.736
75.296954,11.504549,139.782
75.321787,11.532635,139.828
75.346774,11.561126,139.874
75.370547,11.591456,139.921
75.395318,11.622075,139.966
75.480005,11.655325,140.012
75.568488,11.882203,140.166
75.593613,11.922708,140.331
75.618922,11.964225,140.378
75.644154,12.006542,140.423
75.669333,12.051614,140.469
75.693767,12.096624,140.515
75.718077,12.143223,140.562
75.742956,12.185901,140.608
75.768688,12.22984,140.655
75.793859,12.271444,140.701
75.819491,12.313865,140.748
75.844631,12.356798,140.794
75.869618,12.39792,140.84
75.894228,12.439586,140.886
75.919822,12.48082,140.932
75.944193,12.522934,140.978
75.968335,12.565952,141.024
75.99419,12.611399,141.071
76.077647,12.656582,141.116
76.164985,12.960687,141.271
76.189664,13.016458,141.432
76.214859,13.075997,141.479
76.240844,13.135328,141.525
76.264632,13.195305,141.571
76.289027,13.25468,141.616
76.315435,13.319868,141.664
76.340422,13.38537,141.709
76.364817,13.448319,141.756
76.390625,13.510218,141.802
76.415935,13.571786,141.849
76.44076,13.632352,141.895
76.465977,13.690224,141.941
76.490211,13.749415,141.986
76.513553,13.807545,142.032
76.538785,13.86991,142.077
76.564433,13.929802,142.123
76.589273,13.988573,142.169
76.6733,14.050134,142.215
76.759954,14.432002,142.37
76.784057,14.49686,142.53
76.809527,14.563912,142.577
76.83413,14.635708,142.623
76.859162,14.711042,142.67
76.88491,14.788867,142.715
76.909773,14.870135,142.761
76.934675,14.951674,142.807
76.959524,15.029678,142.852
76.983043,15.103865,142.897
77.007507,15.174515,142.943
77.03257,15.245524,142.989
77.058248,15.318467,143.034
77.083012,15.390602,143.081
77.108345,15.462761,143.127
77.133531,15.535725,143.173
77.15798,15.612209,143.22
77.182482,15.688396,143.265
77.265433,15.762794,143.311
77.470766,16.509028,143.465
77.495767,16.580205,143.844
77.520954,16.648889,143.89
77.545656,16.708442,143.937
77.571073,16.762057,143.982
77.596536,16.817108,144.029
77.621338,16.873548,144.076
77.647116,16.938282,144.122
77.672118,17.00815,144.168
77.697681,17.078801,144.215
77.721661,17.149548,144.26
77.747593,17.219899,144.307
77.771596,17.293277,144.354
77.973778,17.370102,144.4
77.999126,18.017993,144.772
78.023652,18.110101,144.818
78.048139,18.201255,144.865
78.073364,18.292516,144.911
78.099049,18.387174,144.957
78.123421,18.480647,145.003
78.148546,18.569109,145.049
78.174324,18.654704,145.095
78.199856,18.741679,145.142
78.223744,18.827335,145.187
78.248731,18.910684,145.233
78.273856,18.99226,145.28
78.298228,19.066454,145.326
78.323691,19.132344,145.372
78.34857,19.199497,145.418
78.373495,19.269912,145.464
78.458405,19.338707,145.511
78.547164,19.751562,145.665
78.573049,19.828536,145.831
78.598512,19.913515,145.878
78.622423,20.003641,145.924
78.64781,20.094237,145.971
78.672589,20.184524,146.017
78.697475,20.274909,146.063
78.722493,20.365129,146.109
78.748125,20.456327,146.155
78.773042,20.549273,146.202
78.798236,20.645437,146.248
78.823461,20.748118,146.294
78.849162,20.848841,146.34
78.87325,20.950319,146.387
78.898236,21.049315,146.433
78.923446,21.148244,146.48
78.948018,21.245008,146.526
78.973504,21.337118,146.572
79.058244,21.422111,146.618
79.143362,21.861448,146.774
79.168133,21.943978,146.931
79.192628,22.035744,146.978
79.218237,22.129413,147.024
79.243454,22.229205,147.07
79.267972,22.335126,147.117
79.293105,22.440791,147.162
79.318952,22.549699,147.209
79.344315,22.659803,147.255
79.368741,22.764982,147.301
79.394127,22.862761,147.348
79.418422,22.958315,147.394
79.442924,23.056693,147.44
79.468418,23.155102,147.486
79.493597,23.254205,147.532
79.518699,23.357006,147.578
79.543831,23.461846,147.625
79.569179,23.573345,147.671
79.651277,23.687879,147.716
79.737877,24.416841,147.87
79.763055,24.546085,148.031
79.788588,24.672691,148.077
79.814143,24.795728,148.124
79.838937,24.917021,148.17
79.864715,25.033602,148.217
79.89034,25.14608,148.263
79.914911,25.252276,148.309
79.939145,25.354656,148.355
79.964447,25.459064,148.401
79.989395,25.567275,148.449
80.01485,25.673832,148.495
80.040328,25.774363,148.542
80.065246,25.877419,148.588
80.090486,25.985103,148.635
80.116033,26.094852,148.681
80.141174,26.210461,148.727
80.166452,26.330248,148.774
80.249503,26.454059,148.82
80.449234,27.951641,148.975
80.474221,28.096896,149.344
80.499976,28.239992,149.39
80.525177,28.389085,149.437
80.550479,28.54047,149.483
80.576073,28.693523,149.53
80.600921,28.844511,149.576
80.625915,28.989305,149.622
80.650771,29.117834,149.668
80.675466,29.245308,149.715
