Current,Voltage,Time
-0.017885,-0.296896,0.046
-0.018062,-0.291841,0.093
-0.017848,-0.2858,0.138
-0.018013,-0.28091,0.184
-0.018259,-0.272483,0.231
-0.01778,-0.235224,0.597
-0.018265,-0.231452,0.644
-0.017595,-0.226922,0.69
-0.018296,-0.223119,0.736
0.007246,-0.218164,0.782
0.032907,-0.210092,0.829
0.057284,-0.203371,0.875
0.082742,-0.196404,0.921
0.107296,-0.188853,0.967
0.133741,-0.181299,1.013
0.157778,-0.172887,1.059
0.183602,-0.167386,1.106
0.209475,-0.159576,1.152
0.233,-0.152795,1.199
0.257798,-0.144953,1.244
0.283093,-0.136843,1.291
0.367937,-0.130353,1.337
0.448773,-0.098975,1.492
0.473733,-0.092554,1.643
0.498777,-0.085243,1.689
0.523981,-0.075403,1.735
0.549234,-0.066209,1.781
0.574689,-0.058119,1.828
0.600153,-0.048534,1.875
0.62508,-0.037835,1.921
0.649952,-0.029906,1.968
0.673838,-0.022251,2.013
0.699067,-0.013745,2.06
0.724236,-0.005641,2.105
0.749526,0.002965,2.152
0.774571,0.011346,2.198
0.799714,0.020811,2.244
0.824905,0.028145,2.29
0.849868,0.034452,2.337
0.874237,0.040743,2.382
0.958604,0.045248,2.428
1.044351,0.070056,2.584
1.06937,0.073684,2.743
1.094818,0.076277,2.789
1.120179,0.079945,2.835
1.145358,0.083183,2.882
1.170126,0.087142,2.928
1.194508,0.089334,2.974
1.219227,0.09015,3.02
1.244372,0.09002,3.066
1.269514,0.088583,3.113
1.294819,0.088863,3.159
1.319593,0.088188,3.205
1.345066,0.088813,3.251
1.370512,0.091256,3.297
1.395372,0.091035,3.344
1.419521,0.091456,3.389
1.44428,0.092632,3.436
1.469318,0.092007,3.482
1.554315,0.092462,3.529
1.640726,0.101085,3.685
1.665617,0.101055,3.843
1.69063,0.101811,3.889
1.715373,0.101791,3.936
1.740255,0.101275,3.982
1.764825,0.102747,4.028
1.790072,0.101861,4.074
1.815538,0.102392,4.121
1.840827,0.102472,4.167
1.866108,0.100059,4.213
1.891506,0.099408,4.26
1.916366,0.100434,4.306
1.941249,0.098593,4.352
1.965778,0.097948,4.398
1.990639,0.092191,4.444
2.015857,0.088783,4.491
2.040969,0.08458,4.537
2.06606,0.0804,4.583
2.15094,0.075181,4.628
2.351469,-0.004031,4.784
2.376223,-0.013105,5.156
2.40161,-0.022349,5.202
2.426324,-0.03107,5.248
2.451633,-0.041288,5.295
2.475984,-0.050204,5.34
2.501343,-0.060763,5.387
2.525964,-0.070896,5.433
2.551512,-0.082066,5.479
2.576735,-0.094277,5.525
2.601606,-0.104776,5.571
2.627181,-0.11705,5.618
2.651459,-0.130443,5.664
2.861328,-0.143065,5.71
2.886474,-0.239163,6.097
2.911432,-0.248371,6.142
2.935943,-0.257639,6.189
2.960795,-0.267398,6.236
2.98603,-0.276657,6.282
3.011082,-0.28577,6.328
3.036863,-0.294833,6.375
3.062115,-0.302435,6.421
3.087462,-0.312635,6.467
3.112101,-0.323009,6.513
3.137524,-0.33467,6.56
3.161723,-0.346821,6.607
3.186447,-0.356774,6.653
3.211955,-0.367429,6.699
3.236925,-0.376888,6.745
3.262234,-0.388718,6.792
3.346106,-0.401421,6.837
3.427594,-0.472121,6.993
3.453053,-0.48279,7.143
3.477886,-0.494543,7.19
3.503679,-0.503567,7.236
3.528449,-0.515036,7.282
3.553782,-0.523875,7.329
3.578156,-0.530612,7.375
3.602712,-0.536542,7.421
3.628226,-0.540596,7.468
3.653281,-0.544269,7.514
3.678563,-0.548706,7.561
3.703466,-0.55184,7.607
3.728972,-0.552784,7.653
3.753654,-0.553494,7.699
3.778511,-0.552209,7.744
3.803475,-0.551055,7.791
3.828422,-0.548067,7.837
3.853498,-0.547292,7.884
3.937837,-0.545708,7.931
4.023574,-0.538863,8.086
4.048805,-0.538217,8.243
4.074076,-0.536079,8.29
4.098966,-0.534514,8.335
4.123288,-0.532586,8.382
4.148275,-0.530911,8.428
4.173024,-0.522991,8.475
4.198638,-0.527799,8.521
4.223626,-0.524126,8.567
4.249021,-0.520292,8.614
4.274464,-0.515306,8.66
4.299063,-0.510728,8.706
4.323235,-0.506516,8.751
4.347746,-0.501769,8.797
4.372286,-0.497527,8.843
4.397563,-0.493709,8.887
4.422481,-0.487607,8.934
4.447813,-0.480431,8.979
4.53367,-0.470628,9.026
4.619703,-0.425378,9.185
4.644411,-0.417389,9.344
4.668963,-0.409433,9.39
4.694184,-0.40592,9.436
4.719239,-0.403551,9.483
4.744535,-0.401213,9.529
4.769813,-0.400139,9.576
4.795105,-0.39876,9.622
4.820143,-0.396595,9.668
4.84534,-0.392918,9.714
4.870355,-0.38915,9.761
4.894732,-0.385772,9.807
4.919847,-0.382658,9.853
4.944597,-0.380407,9.899
4.969848,-0.377079,9.945
4.994928,-0.372585,9.991
5.020414,-0.369127,10.037
5.045357,-0.364262,10.083
5.128509,-0.357681,10.13
5.330454,-0.266462,10.285
5.354878,-0.25785,10.656
5.380111,-0.251628,10.703
5.404641,-0.244883,10.749
5.430153,-0.237361,10.795
5.45546,-0.229994,10.84
5.480363,-0.222878,10.887
5.505287,-0.215841,10.933
5.530879,-0.210122,10.979
5.555753,-0.204271,11.026
5.579956,-0.196289,11.072
5.605012,-0.190248,11.118
5.630047,-0.183787,11.165
5.839406,-0.177455,11.211
5.864346,-0.151195,11.597
5.889704,-0.148586,11.643
5.914859,-0.145324,11.69
5.940146,-0.142001,11.736
5.965875,-0.137827,11.783
5.990736,-0.133741,11.829
6.01635,-0.129637,11.875
6.041272,-0.124391,11.922
6.065601,-0.120553,11.967
6.090535,-0.113882,12.015
6.115008,-0.109503,12.061
6.140632,-0.103502,12.107
6.165454,-0.099445,12.153
6.190914,-0.094913,12.199
6.216006,-0.088866,12.246
6.241526,-0.082404,12.292
6.324199,-0.076768,12.338
6.40651,-0.043867,12.492
6.432558,-0.037052,12.644
6.457226,-0.031466,12.691
6.481308,-0.024738,12.735
6.506043,-0.020161,12.781
6.530718,-0.016179,12.827
6.556235,-0.010133,12.874
6.581342,-0.007373,12.921
6.606736,-0.003252,12.967
6.631694,-0.001862,13.014
6.657081,0.000526,13.059
6.682161,0.003035,13.105
6.706518,0.004918,13.152
6.731241,0.006649,13.198
6.756256,0.009227,13.244
6.781264,0.008441,13.29
6.806541,0.008123,13.336
6.831821,0.006819,13.382
6.91654,0.005735,13.429
7.002129,0.002735,13.584
7.027336,0.00236,13.743
7.051859,0.003695,13.789
7.077041,0.00459,13.836
7.101637,0.005244,13.882
7.126694,0.007322,13.928
7.152041,0.009751,13.974
7.177248,0.011326,14.02
7.202254,0.014074,14.066
7.226861,0.018062,14.112
7.251202,0.022384,14.158
7.276588,0.027997,14.204
7.301749,0.033767,14.251
7.326867,0.038812,14.297
7.35184,0.043356,14.343
7.377589,0.047084,14.39
7.402809,0.052194,14.436
7.427826,0.056668,14.482
7.51208,0.06315,14.529
7.59761,0.092752,14.685
7.623048,0.09594,14.844
7.64819,0.099187,14.89
7.673505,0.098272,14.936
7.69834,0.097606,14.982
7.724239,0.098812,15.029
7.749393,0.099167,15.075
7.774853,0.099347,15.121
7.798932,0.099548,15.168
7.823504,0.100794,15.214
7.849072,0.102695,15.261
7.874146,0.103852,15.307
7.899607,0.107671,15.353
7.924627,0.111409,15.399
7.949702,0.111399,15.446
7.974793,0.113962,15.492
7.999334,0.115763,15.538
8.023929,0.1179,15.584
8.107816,0.118756,15.63
8.308683,0.102776,15.785
8.333894,0.104663,16.156
8.359338,0.11164,16.203
8.384647,0.117931,16.249
8.409804,0.124447,16.295
8.43484,0.130998,16.342
8.459646,0.136698,16.387
8.484828,0.14368,16.433
8.509149,0.14963,16.48
8.534015,0.155746,16.526
8.559186,0.165735,16.572
8.584298,0.172127,16.619
8.610001,0.181455,16.664
8.818772,0.189327,16.712
8.844368,0.270631,17.097
8.869444,0.277296,17.143
8.894691,0.283817,17.19
8.91952,0.288035,17.236
8.94402,0.293857,17.282
8.968836,0.297831,17.328
8.993408,0.2982,17.375
9.018789,0.297969,17.421
9.044028,0.299254,17.467
9.069704,0.299388,17.514
9.09484,0.295935,17.56
9.120084,0.293172,17.606
9.145164,0.290034,17.652
9.16989,0.284262,17.698
9.194383,0.279555,17.744
9.218594,0.275368,17.789
9.303489,0.270649,17.836
9.386172,0.24985,17.991
9.410542,0.243628,18.144
9.435448,0.238203,18.19
9.460903,0.231156,18.237
9.485824,0.219826,18.283
9.511185,0.210618,18.329
9.536889,0.199562,18.376
9.562234,0.186375,18.422
9.586978,0.17097,18.469
9.612169,0.151632,18.514
9.63656,0.13309,18.561
9.66137,0.118125,18.607
9.686143,0.099237,18.653
9.711603,0.080991,18.7
9.736928,0.06357,18.745
9.761542,0.044582,18.791
9.786947,0.026492,18.838
9.812264,0.007883,18.884
9.89571,-0.008798,18.931
9.980666,-0.088396,19.086
10.006411,-0.096706,19.244
10.031953,-0.102808,19.291
10.056726,-0.108629,19.336
10.082314,-0.112748,19.383
10.107463,-0.114541,19.43
10.13281,-0.118124,19.475
10.157328,-0.118848,19.521
10.181727,-0.118539,19.568
10.207156,-0.11607,19.614
10.232065,-0.111248,19.661
10.257749,-0.106886,19.707
10.282462,-0.100379,19.753
10.307775,-0.093013,19.8
10.332781,-0.086127,19.846
10.358101,-0.077143,19.892
10.383044,-0.067949,19.939
10.406922,-0.060248,19.984
10.491057,-0.048645,20.03
10.576903,0.017358,20.185
10.601996,0.024134,20.344
10.627414,0.027436,20.39
10.652688,0.022539,20.436
10.677868,0.014949,20.483
10.702605,0.002615,20.529
10.727194,-0.014239,20.575
10.752029,-0.034252,20.622
10.77758,-0.060993,20.668
10.802832,-0.089921,20.714
10.827744,-0.122591,20.761
10.853291,-0.161115,20.807
10.878605,-0.201369,20.853
10.903911,-0.245314,20.9
10.928954,-0.287006,20.946
10.953878,-0.326767,20.992
10.977858,-0.370352,21.039
11.00317,-0.411952,21.085
11.087406,-0.455191,21.131
11.287837,-0.83685,21.286
11.313047,-0.860248,21.656
11.338156,-0.881925,21.702
11.363717,-0.903567,21.749
11.388356,-0.922041,21.795
11.413968,-0.940625,21.841
11.438804,-0.95852,21.887
11.463083,-0.974871,21.935
11.488563,-0.99403,21.981
11.513306,-1.012268,22.027
11.538997,-1.033569,22.073
11.563825,-1.053089,22.119
11.589053,-1.071901,22.166
11.797277,-1.090333,22.212
11.823152,-1.145193,22.597
11.84807,-1.142661,22.644
11.87314,-1.141305,22.69
11.898197,-1.137536,22.737
11.922323,-1.13655,22.783
11.947397,-1.135174,22.828
11.973003,-1.134543,22.875
11.997916,-1.136785,22.921
12.022781,-1.139718,22.967
12.048349,-1.141976,23.013
12.073515,-1.145904,23.06
12.098312,-1.148991,23.106
12.123121,-1.1527,23.152
12.147705,-1.157444,23.199
12.172943,-1.163465,23.245
12.198091,-1.170311,23.291
12.282541,-1.178023,23.338
12.364172,-1.233378,23.492
12.389187,-1.246855,23.644
12.414581,-1.259139,23.69
12.439662,-1.273684,23.737
12.465094,-1.287996,23.783
12.490379,-1.302499,23.83
12.515301,-1.316885,23.876
12.54028,-1.327234,23.922
12.564767,-1.34051,23.968
12.590075,-1.355567,24.015
12.614569,-1.367584,24.061
12.640492,-1.380413,24.107
12.665506,-1.391261,24.154
12.691159,-1.403699,24.201
12.716253,-1.418001,24.246
12.741607,-1.432792,24.293
12.766814,-1.451222,24.339
12.791568,-1.470229,24.386
12.874347,-1.491248,24.432
12.960006,-1.633022,24.586
12.985068,-1.656283,24.744
13.010595,-1.679232,24.79
13.035541,-1.701484,24.836
13.06047,-1.721582,24.882
13.084629,-1.743319,24.927
13.10964,-1.765252,24.974
13.134332,-1.783981,25.02
13.159254,-1.803614,25.067
13.184742,-1.817436,25.113
13.209879,-1.830005,25.159
13.235808,-1.842476,25.205
13.260715,-1.852086,25.251
13.285549,-1.863144,25.298
13.309823,-1.872431,25.344
13.334655,-1.881509,25.39
13.360605,-1.89158,25.437
13.385451,-1.899329,25.483
13.46992,-1.909499,25.529
13.556177,-1.962492,25.684
13.581367,-1.966555,25.844
13.606687,-1.97136,25.889
13.630743,-1.973702,25.937
13.65586,-1.974523,25.983
13.680836,-1.976105,26.029
13.70627,-1.975088,26.075
13.730743,-1.973197,26.121
13.756155,-1.970334,26.168
13.781627,-1.967066,26.214
13.806499,-1.963197,26.26
13.830911,-1.955005,26.306
13.855422,-1.946552,26.352
13.880572,-1.936629,26.398
13.906014,-1.925874,26.444
13.930831,-1.915874,26.491
13.956642,-1.902413,26.537
13.981775,-1.889131,26.584
14.065817,-1.877866,26.629
14.266737,-1.800456,26.784
14.291903,-1.797002,27.156
14.316246,-1.795689,27.202
14.340782,-1.792146,27.248
14.365996,-1.792186,27.294
14.391285,-1.794983,27.341
14.4165,-1.797927,27.387
14.441747,-1.803564,27.433
14.466941,-1.808516,27.479
14.491721,-1.814458,27.525
14.517151,-1.822293,27.572
14.541548,-1.828125,27.618
14.566561,-1.838114,27.664
14.776255,-1.847074,27.711
14.800709,-1.934517,28.096
14.826065,-1.945072,28.143
14.850954,-1.95412,28.189
14.876077,-1.963889,28.236
14.901237,-1.977541,28.282
14.926519,-1.990678,28.329
14.952067,-2.010406,28.375
14.977266,-2.034683,28.421
15.00347,-2.060261,28.468
15.028113,-2.088972,28.514
15.052806,-2.116289,28.561
15.077861,-2.146422,28.606
15.102635,-2.174351,28.653
15.127992,-2.198752,28.699
15.153296,-2.220559,28.746
15.17836,-2.23521,28.792
15.262711,-2.247374,28.838
15.344008,-2.279794,28.994
15.369021,-2.283467,29.144
15.394303,-2.287281,29.19
15.419517,-2.290623,29.237
15.444064,-2.294327,29.282
15.469239,-2.299084,29.329
15.493835,-2.300892,29.376
15.519169,-2.303102,29.422
15.543728,-2.30618,29.468
15.569214,-2.307685,29.514
15.594787,-2.310758,29.56
15.619274,-2.313319,29.606
15.645256,-2.313802,29.653
15.669791,-2.314955,29.699
15.694155,-2.31637,29.745
15.718631,-2.317909,29.79
15.743951,-2.320348,29.837
15.769377,-2.321329,29.883
15.853712,-2.324101,29.93
15.940122,-2.353263,30.085
15.965131,-2.362111,30.244
15.990353,-2.369658,30.291
16.015023,-2.376944,30.337
16.039455,-2.380412,30.384
16.064819,-2.384041,30.43
16.090529,-2.383941,30.477
16.115865,-2.38321,30.523
16.140943,-2.379307,30.569
16.166293,-2.374072,30.616
16.191195,-2.367386,30.662
16.215968,-2.359879,30.707
16.240846,-2.354339,30.753
16.265759,-2.349224,30.8
16.290775,-2.346207,30.847
16.315757,-2.345151,30.894
16.341445,-2.34471,30.939
16.366387,-2.345486,30.986
16.450252,-2.347718,31.032
16.535337,-2.3603,31.187
16.559465,-2.364493,31.344
16.585431,-2.366615,31.39
16.610426,-2.369427,31.437
16.63572,-2.37181,31.483
16.66124,-2.372965,31.53
16.686549,-2.3779,31.576
16.711613,-2.380383,31.621
16.73669,-2.383005,31.669
16.76125,-2.387539,31.714
16.785808,-2.38899,31.761
16.810543,-2.393119,31.807
16.835599,-2.395752,31.853
16.861181,-2.398509,31.899
16.886607,-2.400375,31.946
16.911231,-2.401151,31.992
16.936757,-2.403363,32.038
16.961896,-2.402738,32.084
17.044775,-2.39921,32.13
17.246151,-2.361085,32.286
17.270895,-2.364197,32.657
17.295909,-2.364383,32.703
17.320849,-2.368202,32.749
17.346487,-2.37203,32.795
17.371645,-2.375278,32.841
17.397154,-2.379752,32.888
17.421964,-2.382174,32.934
17.446841,-2.383901,32.979
17.471149,-2.385592,33.026
17.495819,-2.384266,33.072
17.52119,-2.381994,33.118
17.545773,-2.376775,33.165
17.755214,-2.369177,33.211
17.78041,-2.221017,33.596
17.805468,-2.198561,33.642
17.830553,-2.176308,33.688
17.855841,-2.15502,33.735
17.881213,-2.13075,33.782
17.906373,-2.109034,33.828
17.931337,-2.086264,33.874
17.955676,-2.05955,33.921
17.980518,-2.035032,33.967
18.005434,-2.008353,34.013
18.030492,-1.982645,34.058
18.055726,-1.954935,34.105
18.081001,-1.927029,34.151
18.106262,-1.90007,34.198
18.131227,-1.872448,34.244
18.156172,-1.847628,34.29
18.23953,-1.820419,34.337
18.323003,-1.650362,34.491
18.347711,-1.619274,34.644
18.372048,-1.586995,34.69
18.397588,-1.553269,34.736
18.422496,-1.519934,34.783
18.44735,-1.484972,34.829
18.472371,-1.448478,34.875
18.497571,-1.41069,34.921
18.522822,-1.370012,34.967
18.548366,-1.331405,35.014
18.573114,-1.289956,35.06
18.597897,-1.249738,35.106
18.622509,-1.209361,35.153
18.647811,-1.167103,35.199
18.672969,-1.127141,35.245
18.698276,-1.085679,35.291
18.723311,-1.043765,35.338
18.748822,-1.004984,35.384
18.832481,-0.964967,35.431
18.917619,-0.754222,35.585
18.942412,-0.72476,35.744
18.967295,-0.692095,35.789
18.993188,-0.663043,35.836
19.017992,-0.63167,35.882
19.043338,-0.600556,35.928
19.068734,-0.571408,35.975
19.094078,-0.539532,36.021
19.119061,-0.511188,36.068
19.14296,-0.484124,36.114
19.167726,-0.456221,36.16
19.192908,-0.431654,36.206
19.218404,-0.408288,36.252
19.243642,-0.385631,36.299
19.268974,-0.364857,36.344
19.293832,-0.342732,36.391
19.319241,-0.321073,36.437
19.344902,-0.298352,36.484
19.427148,-0.274826,36.53
19.513573,-0.150476,36.685
19.538915,-0.129218,36.844
19.563835,-0.109084,36.89
19.58904,-0.087262,36.936
19.613998,-0.064061,36.982
19.639184,-0.043747,37.028
19.663777,-0.020101,37.074
19.688754,0.003859,37.121
19.713693,0.026502,37.167
19.738587,0.052895,37.214
19.764119,0.076922,37.259
19.789121,0.102371,37.306
19.814663,0.129461,37.352
19.83939,0.155271,37.398
19.864928,0.182796,37.445
19.889473,0.208025,37.491
19.914679,0.232533,37.537
19.939467,0.255244,37.584
20.02319,0.27813,37.631
20.224295,0.485996,37.785
20.24933,0.507611,38.156
20.274938,0.527965,38.202
20.299819,0.551848,38.248
20.32471,0.573393,38.294
20.349921,0.593347,38.341
20.374161,0.61283,38.387
20.39904,0.630501,38.433
20.424117,0.64544,38.479
20.449749,0.659864,38.525
20.474543,0.671308,38.572
20.500183,0.687112,38.618
20.525542,0.701722,38.665
20.734486,0.715594,38.711
20.759682,0.823691,39.097
20.784807,0.836807,39.143
20.80968,0.85017,39.19
20.834388,0.864442,39.235
20.859044,0.876556,39.281
20.884117,0.893343,39.328
20.909196,0.908938,39.375
20.934652,0.924577,39.421
20.959627,0.939856,39.468
20.985637,0.953659,39.514
21.010624,0.970445,39.561
21.036077,0.986549,39.607
21.060872,1.002375,39.653
21.086106,1.019646,39.7
21.110334,1.033474,39.746
21.135051,1.050685,39.792
21.219975,1.06667,39.838
21.300818,1.153006,39.994
21.325386,1.166583,40.143
21.350509,1.181779,40.19
21.376185,1.192793,40.236
21.401725,1.208345,40.283
21.426733,1.220038,40.329
21.452178,1.232916,40.376
21.477517,1.246928,40.422
21.502399,1.256653,40.469
21.526879,1.266712,40.515
21.551139,1.275523,40.561
21.576627,1.284173,40.607
21.601326,1.294032,40.653
21.62691,1.301489,40.7
21.651568,1.310843,40.745
21.676749,1.319338,40.791
21.701266,1.325088,40.836
21.725112,1.334116,40.882
21.81032,1.339526,40.928
21.896403,1.394037,41.085
21.921891,1.408561,41.244
21.946916,1.421848,41.29
21.972185,1.43429,41.336
21.997008,1.447698,41.382
22.021774,1.462267,41.427
22.046613,1.476005,41.474
22.071236,1.485929,41.52
22.0964,1.498695,41.567
22.121603,1.513099,41.614
22.147072,1.525201,41.66
22.172295,1.541072,41.706
22.19668,1.552321,41.751
22.222481,1.565694,41.798
22.247445,1.580417,41.845
22.272499,1.593034,41.891
22.297038,1.60916,41.938
22.3219,1.624537,41.983
22.406352,1.640573,42.03
22.49248,1.73387,42.185
22.518283,1.745608,42.344
22.543494,1.757939,42.39
22.569074,1.772908,42.437
22.593404,1.786962,42.483
22.617613,1.801355,42.529
22.642941,1.81241,42.575
22.667864,1.824251,42.621
22.693591,1.839601,42.668
22.718829,1.851447,42.714
22.743554,1.862898,42.76
22.769069,1.875284,42.806
22.794461,1.888812,42.853
22.818938,1.902284,42.899
22.843604,1.914806,42.946
22.868497,1.927983,42.992
22.893518,1.93984,43.037
22.918747,1.950935,43.084
23.002731,1.965221,43.13
23.204175,2.096247,43.285
23.229254,2.106318,43.655
23.254642,2.119834,43.703
23.279863,2.133097,43.75
23.304541,2.145529,43.796
23.329322,2.158129,43.842
23.354293,2.168328,43.888
23.37957,2.178939,43.935
23.404014,2.188949,43.981
23.429704,2.197907,44.027
23.454885,2.2065,44.073
23.479735,2.215458,44.12
23.505033,2.225157,44.166
23.713491,2.236738,44.212
23.739078,2.312044,44.597
23.763458,2.320967,44.644
23.788012,2.326798,44.69
23.813201,2.333074,44.736
23.838164,2.342422,44.782
23.863946,2.34997,44.828
23.889052,2.358827,44.875
23.91414,2.36704,44.922
23.93938,2.374487,44.968
23.964544,2.381465,45.014
23.988741,2.386133,45.06
24.013082,2.391968,45.106
24.038389,2.398917,45.152
24.063295,2.403655,45.197
24.088864,2.411915,45.244
24.113829,2.416903,45.29
24.198282,2.42436,45.337
24.279869,2.455421,45.491
24.304708,2.460643,45.643
24.330174,2.467125,45.69
24.355399,2.475156,45.736
24.380676,2.480976,45.782
24.405442,2.487173,45.829
24.430092,2.491911,45.875
24.455061,2.497957,45.921
24.480084,2.505922,45.967
24.506114,2.510311,46.015
24.531174,2.51885,46.061
24.556389,2.525796,46.107
24.581736,2.529935,46.154
24.607176,2.536851,46.2
24.632582,2.542602,46.247
24.656787,2.549969,46.293
24.68152,2.556825,46.339
24.705997,2.561872,46.385
24.790402,2.568879,46.431
24.876168,2.592617,46.586
24.901499,2.595839,46.744
24.92657,2.60065,46.79
24.951658,2.602902,46.837
24.976274,2.60603,46.883
25.000673,2.607496,46.929
25.025879,2.607967,46.976
25.050846,2.610009,47.022
25.076234,2.609798,47.068
25.101666,2.61054,47.114
25.12673,2.611725,47.16
25.151907,2.610329,47.206
25.177091,2.61207,47.253
25.201415,2.611295,47.299
25.225977,2.613617,47.345
25.250925,2.616199,47.391
25.276332,2.615809,47.437
25.301707,2.618622,47.483
25.385599,2.620453,47.53
25.471686,2.631268,47.685
25.497157,2.634376,47.844
25.521293,2.635432,47.891
25.54695,2.635197,47.937
25.572218,2.63916,47.984
25.597445,2.638635,48.03
25.622741,2.642204,48.077
25.647824,2.643925,48.123
25.673519,2.645957,48.169
25.698358,2.648619,48.216
25.723604,2.650587,48.262
25.748446,2.655241,48.308
25.772847,2.658038,48.355
25.797949,2.661051,48.401
25.823312,2.665365,48.448
25.848898,2.667767,48.495
25.873423,2.67052,48.54
25.898894,2.671426,48.587
25.983107,2.672221,48.633
26.182504,2.692696,48.788
26.207967,2.695357,49.156
26.232675,2.696573,49.203
26.257742,2.699371,49.25
26.282389,2.702515,49.296
26.308263,2.705077,49.343
26.33319,2.709427,49.389
26.358397,2.710592,49.435
26.383858,2.712134,49.481
26.409064,2.715176,49.528
26.43421,2.716888,49.574
26.459366,2.720071,49.621
26.484323,2.720907,49.668
26.691606,2.721722,49.714
26.716631,2.727963,50.097
26.741831,2.727208,50.144
26.767107,2.728243,50.19
26.79248,2.726367,50.237
26.817605,2.725521,50.283
26.842845,2.72501,50.329
26.868081,2.721853,50.375
26.892978,2.71935,50.421
26.917647,2.715296,50.468
26.942296,2.711558,50.514
26.967609,2.709356,50.561
26.99287,2.705538,50.608
27.018012,2.703966,50.654
27.043589,2.701008,50.7
27.068621,2.694607,50.747
27.094163,2.691629,50.793
27.176891,2.684653,50.839
27.259014,2.660921,50.994
27.284502,2.657182,51.145
27.309659,2.655515,51.191
27.334573,2.65478,51.237
27.359062,2.652568,51.284
27.383538,2.648103,51.33
27.409041,2.649655,51.376
27.434026,2.648609,51.422
27.459346,2.648468,51.468
27.484957,2.647743,51.514
27.509815,2.648014,51.561
27.535349,2.648094,51.607
27.560614,2.649329,51.654
27.585416,2.649956,51.7
27.610142,2.652943,51.747
27.635052,2.651756,51.793
27.660152,2.65475,51.839
27.685568,2.656672,51.885
27.769781,2.656852,51.931
27.854689,2.65518,52.087
27.879681,2.652217,52.244
27.904172,2.651081,52.291
27.929121,2.64896,52.337
27.954484,2.645331,52.384
27.980264,2.643554,52.43
28.005194,2.641212,52.476
28.030536,2.640777,52.522
28.055135,2.640767,52.569
28.081034,2.640146,52.615
28.105702,2.638819,52.661
28.130629,2.637734,52.708
28.155331,2.634286,52.754
28.180396,2.634356,52.801
28.205834,2.631338,52.847
28.231048,2.628925,52.894
28.256459,2.626474,52.94
28.281787,2.623075,52.987
28.365184,2.620933,53.033
28.449811,2.618431,53.187
28.475068,2.618722,53.344
28.500409,2.620293,53.391
28.526263,2.618816,53.437
28.551231,2.616954,53.483
28.576196,2.615438,53.53
28.60164,2.611645,53.576
28.626269,2.609438,53.623
28.651271,2.604498,53.668
28.675733,2.601595,53.715
28.700491,2.595858,53.76
28.725753,2.586313,53.807
28.751166,2.577089,53.854
28.776684,2.569562,53.901
28.801942,2.561371,53.947
28.826934,2.552368,53.993
28.852163,2.544167,54.038
28.877297,2.536217,54.086
28.960494,2.526381,54.132
29.160189,2.41069,54.287
29.185711,2.401586,54.657
29.210679,2.39493,54.702
29.236017,2.38467,54.749
29.26128,2.378315,54.795
29.286751,2.371824,54.841
29.312294,2.365178,54.888
29.33739,2.360123,54.935
29.361935,2.355084,54.981
29.386184,2.353067,55.027
29.411325,2.350309,55.073
29.436807,2.348602,55.12
29.461496,2.348281,55.166
29.670268,2.348752,55.211
29.695422,2.382974,55.597
29.72125,2.390784,55.643
29.745891,2.396145,55.689
29.770541,2.403825,55.735
29.79567,2.408933,55.782
29.81971,2.411439,55.827
29.844623,2.414694,55.874
29.869771,2.415798,55.92
29.895384,2.419462,55.967
29.920695,2.42143,56.013
29.945715,2.42185,56.059
29.970576,2.422339,56.105
29.995763,2.420426,56.151
30.020728,2.421174,56.197
30.04485,2.420576,56.244
30.070114,2.416933,56.29
30.154372,2.413299,56.337
30.236941,2.378515,56.491
30.261777,2.368496,56.644
30.286461,2.362606,56.69
30.311541,2.355249,56.737
30.337012,2.348763,56.783
30.362104,2.342652,56.829
30.387596,2.337262,56.875
30.41264,2.33477,56.922
30.438032,2.332779,56.969
30.462585,2.332108,57.014
30.487767,2.333073,57.06
30.511811,2.333764,57.106
30.537331,2.337193,57.153
30.562122,2.340921,57.199
30.587608,2.345475,57.245
30.612911,2.350139,57.292
30.638007,2.35627,57.338
30.663751,2.363382,57.385
30.746736,2.370778,57.431
30.832126,2.413829,57.586
30.857407,2.423243,57.744
30.88286,2.431165,57.79
30.907706,2.440269,57.836
30.933012,2.449509,57.883
30.958306,2.456446,57.928
30.983346,2.465271,57.975
31.007776,2.472488,58.021
31.032516,2.477979,58.067
31.057524,2.487819,58.114
31.082449,2.496913,58.16
31.107111,2.506758,58.205
31.132457,2.514204,58.251
31.158193,2.52074,58.297
31.183003,2.530076,58.343
31.207997,2.538486,58.39
31.23279,2.549709,58.436
31.257544,2.559993,58.483
31.341758,2.569863,58.529
31.4288,2.636897,58.685
31.453214,2.647362,58.844
31.479137,2.658418,58.89
31.503804,2.670159,58.937
31.528804,2.681589,58.982
31.553883,2.693761,59.029
31.578347,2.705537,59.076
31.603284,2.715076,59.122
31.628589,2.727322,59.168
31.653981,2.736811,59.214
31.678578,2.747001,59.26
31.703999,2.75615,59.306
31.728972,2.763621,59.352
31.753753,2.772285,59.398
31.778753,2.778755,59.444
31.803252,2.787434,59.491
31.828597,2.794771,59.537
31.853599,2.802247,59.582
31.93811,2.81144,59.629
32.139011,2.888648,59.784
32.164109,2.894124,60.156
32.18958,2.90119,60.202
32.214975,2.909676,60.249
32.240415,2.915199,60.295
32.265006,2.922634,60.341
32.289432,2.927957,60.388
32.314319,2.933508,60.434
32.339785,2.940774,60.481
32.365045,2.946426,60.527
32.389862,2.953126,60.573
32.415617,2.957854,60.62
32.441053,2.962273,60.667
32.649237,2.965305,60.712
32.674915,2.982046,61.097
32.700259,2.98362,61.144
32.7248,2.984234,61.191
32.749394,2.983649,61.236
32.774227,2.986073,61.283
32.799544,2.987567,61.33
32.82475,2.989606,61.376
32.849279,2.99102,61.422
32.874208,2.989786,61.468
32.899771,2.990675,61.514
32.924911,2.989856,61.56
32.949879,2.989002,61.606
32.974032,2.989481,61.652
32.999164,2.986754,61.699
33.024408,2.986332,61.745
33.04913,2.986273,61.791
33.13379,2.983854,61.838
33.215296,2.96681,61.993
33.240333,2.965445,62.144
33.265611,2.963525,62.19
33.291301,2.962826,62.237
33.315919,2.961127,62.282
33.341374,2.960152,62.329
33.366787,2.959513,62.376
33.391378,2.956764,62.421
33.416453,2.957384,62.469
33.441028,2.957195,62.515
33.466111,2.957044,62.561
33.491808,2.957195,62.607
33.516733,2.956904,62.654
33.542296,2.956734,62.7
33.567168,2.957114,62.747
33.592719,2.958308,62.794
33.618336,2.959173,62.839
33.643215,2.959263,62.886
33.725877,2.960567,62.932
33.81172,2.969497,63.087
33.836442,2.971487,63.244
33.861582,2.97487,63.29
33.887426,2.975339,63.336
33.911701,2.978972,63.383
33.937026,2.9829,63.429
33.961302,2.983499,63.476
33.986442,2.986313,63.521
34.012101,2.987898,63.567
34.036761,2.989886,63.615
34.062654,2.9937,63.661
34.087618,2.998337,63.708
34.113027,3.003453,63.754
34.138517,3.008405,63.801
34.163408,3.014598,63.847
34.187837,3.020639,63.893
34.211906,3.025117,63.939
34.237787,3.033059,63.985
34.322171,3.039359,64.032
34.407734,3.050185,64.187
34.433131,3.051521,64.345
34.45778,3.05074,64.39
34.481991,3.049099,64.437
34.506462,3.045902,64.483
34.532333,3.036977,64.529
34.557246,3.029711,64.575
34.582847,3.021233,64.621
34.607799,3.015602,64.667
34.633224,3.00997,64.714
34.658637,3.000896,64.76
34.683551,2.993599,64.807
34.708829,2.986613,64.854
34.733032,2.976633,64.9
34.757585,2.968024,64.946
34.782806,2.958399,64.991
34.808403,2.946646,65.038
34.83347,2.934942,65.085
34.917781,2.922214,65.131
35.118277,2.839914,65.286
35.143087,2.837127,65.657
35.168115,2.833834,65.703
35.192307,2.832997,65.748
35.217213,2.83266,65.795
35.242284,2.831843,65.841
35.267862,2.832088,65.887
35.293387,2.831345,65.933
35.318335,2.831703,65.98
35.343844,2.833183,66.027
35.369184,2.833734,66.073
35.393863,2.837137,66.119
35.417966,2.839335,66.165
35.62779,2.842908,66.212
35.652215,2.895763,66.597
35.677014,2.901795,66.644
35.702016,2.909092,66.689
35.727264,2.916876,66.736
35.752673,2.925246,66.782
35.777529,2.936615,66.828
35.802496,2.944237,66.874
35.828132,2.950617,66.92
35.853138,2.957425,66.967
35.877779,2.960317,67.013
35.901678,2.966539,67.059
35.927114,2.971126,67.105
35.952554,2.975724,67.151
35.977445,2.981786,67.197
36.002516,2.983439,67.243
36.027633,2.986573,67.29
36.110657,2.989785,67.336
36.194291,3.007221,67.491
36.220004,3.012319,67.645
36.244887,3.019014,67.691
36.270165,3.027899,67.737
36.295394,3.036497,67.783
36.319562,3.043228,67.829
36.344649,3.05084,67.875
36.369485,3.058427,67.921
36.395413,3.064854,67.969
36.420538,3.073012,68.015
36.445859,3.077655,68.062
36.47123,3.084182,68.108
36.496635,3.088766,68.154
36.521829,3.091349,68.201
36.545751,3.092805,68.247
36.569801,3.093891,68.293
36.594987,3.094231,68.338
36.619701,3.094936,68.384
36.704211,3.094596,68.431
36.790558,3.101218,68.585
36.816294,3.102193,68.745
36.841203,3.102254,68.791
36.866017,3.105912,68.838
36.890308,3.107704,68.884
36.915118,3.10934,68.929
36.940908,3.115836,68.975
36.96581,3.118819,69.021
36.990236,3.125215,69.067
37.014903,3.131456,69.113
37.040639,3.136075,69.159
37.064999,3.142085,69.205
37.089268,3.145894,69.251
37.114953,3.151385,69.297
37.139406,3.156199,69.343
37.16485,3.159001,69.39
37.190539,3.163646,69.436
37.215599,3.167125,69.482
37.300336,3.168996,69.528
37.386295,3.176848,69.685
37.41135,3.178094,69.845
37.435569,3.179581,69.891
37.460759,3.182979,69.937
37.485634,3.184786,69.983
37.512031,3.186928,70.029
37.537497,3.187129,70.076
37.562303,3.188334,70.122
37.587732,3.189946,70.168
37.612526,3.187373,70.214
37.637375,3.187323,70.261
37.66205,3.188499,70.307
37.687709,3.18951,70.354
37.712204,3.190327,70.4
37.737548,3.188234,70.447
37.763207,3.185481,70.492
37.788531,3.182363,70.539
37.81313,3.178044,70.585
37.896395,3.174667,70.632
38.096722,3.132828,70.786
38.121989,3.128208,71.157
38.146945,3.1264,71.203
38.172159,3.122437,71.249
38.196876,3.115836,71.296
38.223011,3.111372,71.342
38.247449,3.103389,71.387
38.273085,3.096263,71.434
38.298432,3.089417,71.48
38.322908,3.083095,71.527
38.347084,3.079066,71.573
38.372063,3.07235,71.619
38.397672,3.067305,71.665
38.606086,3.060219,71.711
38.631814,2.993829,72.098
38.6571,2.987032,72.144
38.682336,2.980641,72.19
38.706962,2.975693,72.236
38.732206,2.974104,72.282
38.757922,2.970701,72.328
38.781722,2.970766,72.374
38.806389,2.970621,72.42
38.831737,2.970541,72.466
38.856393,2.974699,72.512
38.881918,2.976254,72.559
38.907112,2.977478,72.605
38.932863,2.979936,72.652
38.957258,2.976663,72.698
38.982667,2.97289,72.744
39.00765,2.969691,72.79
39.091204,2.965254,72.837
39.174162,2.932213,72.992
39.199241,2.925287,73.145
39.225587,2.919105,73.191
39.249421,2.913193,73.238
39.273728,2.905038,73.285
39.299717,2.897646,73.331
39.324343,2.888392,73.376
39.348995,2.878007,73.422
39.374596,2.868633,73.468
39.400482,2.860623,73.515
39.424988,2.852781,73.561
39.450213,2.843961,73.608
39.475641,2.836805,73.654
39.499883,2.831887,73.701
39.524854,2.825072,73.747
39.550014,2.821135,73.794
39.575864,2.815302,73.84
39.600467,2.808849,73.886
39.685454,2.803093,73.933
39.770279,2.769397,74.087
39.794755,2.760223,74.245
39.819311,2.756139,74.291
39.844628,2.748572,74.337
39.87041,2.741776,74.383
39.895815,2.733704,74.431
39.920713,2.723804,74.476
39.945838,2.717458,74.523
39.971436,2.711277,74.569
39.995631,2.705297,74.615
40.020787,2.697689,74.661
40.046422,2.68788,74.709
40.070748,2.681143,74.755
40.096215,2.67188,74.802
40.121801,2.664528,74.847
40.14678,2.657341,74.893
40.17172,2.649339,74.941
40.197437,2.642438,74.986
40.280645,2.635962,75.033
40.365343,2.5891,75.188
40.390603,2.579437,75.345
40.415628,2.57023,75.391
40.441298,2.559976,75.438
40.466077,2.550557,75.484
40.490956,2.539389,75.53
40.516216,2.529944,75.576
40.540242,2.518501,75.622
40.565017,2.507106,75.668
40.590565,2.498665,75.715
40.615421,2.488441,75.76
40.64043,2.481411,75.805
40.665463,2.47418,75.852
40.69141,2.463966,75.898
40.716723,2.456274,75.945
40.741629,2.445645,75.992
40.766389,2.435511,76.038
40.790354,2.427451,76.085
40.875191,2.419131,76.131
41.075237,2.34682,76.285
41.1009,2.344902,76.657
41.126616,2.341009,76.704
41.151618,2.336065,76.75
41.177158,2.334088,76.796
41.202064,2.329493,76.843
41.227892,2.328627,76.889
41.252644,2.322918,76.936
41.277377,2.318739,76.982
41.302364,2.31515,77.029
41.327132,2.311146,77.075
41.352725,2.308173,77.121
41.377965,2.305406,77.167
41.585807,2.301032,77.214
41.610463,2.290248,77.596
41.635811,2.289637,77.644
41.66165,2.289637,77.69
41.686141,2.289797,77.735
41.710213,2.287895,77.782
41.735142,2.288561,77.829
41.760721,2.28855,77.875
41.785396,2.2887,77.921
41.810333,2.289947,77.967
41.836268,2.287605,78.014
41.861262,2.287324,78.06
41.886368,2.286779,78.106
41.911996,2.283596,78.152
41.936311,2.28256,78.199
41.960195,2.280308,78.245
41.986153,2.278902,78.291
42.070348,2.277475,78.338
42.152738,2.271555,78.493
42.177187,2.271659,78.644
42.202385,2.27218,78.691
42.227905,2.269242,78.737
42.252815,2.268371,78.784
42.27827,2.268076,78.83
42.303826,2.266139,78.876
42.329696,2.265624,78.923
42.354014,2.266429,78.97
42.379346,2.268531,79.016
42.403987,2.270378,79.062
42.428555,2.270348,79.109
42.454417,2.274201,79.155
42.479861,2.273917,79.202
42.504905,2.277285,79.249
42.529324,2.278045,79.295
42.555205,2.280058,79.341
42.580572,2.284952,79.387
42.663788,2.28825,79.433
42.747465,2.30965,79.588
42.773558,2.31524,79.745
42.79902,2.318624,79.791
42.823707,2.324969,79.838
42.849316,2.329078,79.884
42.874411,2.332822,79.93
42.899366,2.337797,79.976
42.923108,2.341786,80.022
42.948491,2.348661,80.069
42.973204,2.354762,80.114
42.998245,2.360122,80.161
43.024054,2.365763,80.207
43.049394,2.370387,80.253
43.073677,2.377149,80.299
43.09934,2.384207,80.346
43.124715,2.390242,80.392
43.149532,2.396172,80.438
43.173466,2.402299,80.485
43.257857,2.410173,80.53
43.344208,2.464769,80.686
43.369586,2.474585,80.845
43.394561,2.484522,80.891
43.419502,2.494413,80.937
43.445556,2.499829,80.984
43.46994,2.508535,81.03
43.495049,2.513793,81.077
43.520117,2.518481,81.123
43.54498,2.52453,81.17
43.569786,2.528023,81.216
43.595384,2.533016,81.261
43.621058,2.536729,81.308
43.645522,2.540303,81.355
43.670978,2.546244,81.401
43.696414,2.551022,81.448
43.720401,2.556703,81.494
43.745269,2.562705,81.54
43.770782,2.567153,81.587
43.854681,2.575118,81.633
44.055108,2.660489,81.787
44.079634,2.667204,82.156
44.105327,2.673956,82.203
44.130406,2.680142,82.249
44.155423,2.687738,82.296
44.179123,2.695246,82.342
44.205024,2.6995,82.388
44.229953,2.701211,82.434
44.255316,2.704945,82.481
44.280372,2.71056,82.528
44.305958,2.719609,82.574
44.331217,2.728527,82.62
44.355892,2.738046,82.666
44.564122,2.751654,82.713
44.589811,2.850452,83.097
44.614337,2.864174,83.144
44.63942,2.878347,83.19
44.664149,2.890984,83.237
44.689274,2.904782,83.282
44.714253,2.915671,83.329
44.73995,2.927635,83.375
44.764729,2.939668,83.422
44.789412,2.952086,83.466
44.814679,2.965494,83.514
44.839973,2.978332,83.56
44.864295,2.990829,83.606
44.889512,3.006975,83.653
44.915263,3.019113,83.699
44.939631,3.032272,83.745
44.965037,3.045079,83.792
45.050139,3.058757,83.838
45.131821,3.141925,83.993
45.157434,3.158411,84.144
45.182071,3.172754,84.191
45.207769,3.187452,84.238
45.233239,3.201496,84.284
45.258237,3.214243,84.33
45.283285,3.230929,84.376
45.308656,3.245807,84.424
45.332483,3.262296,84.47
45.35712,3.276139,84.516
45.382898,3.291865,84.562
45.408391,3.305628,84.608
45.433132,3.317931,84.654
45.458799,3.333662,84.701
45.484116,3.348448,84.747
45.508933,3.362816,84.794
45.533589,3.378483,84.84
45.558534,3.390507,84.886
45.642145,3.404897,84.932
45.727712,3.47794,85.087
45.75309,3.488645,85.244
45.778246,3.500887,85.291
45.802883,3.512007,85.337
45.827147,3.524589,85.383
45.85256,3.538041,85.429
45.87795,3.546834,85.476
45.902856,3.559036,85.521
45.927778,3.569851,85.568
45.953129,3.580616,85.615
45.978654,3.589785,85.661
46.002776,3.596116,85.706
46.028719,3.605104,85.753
46.052042,3.613897,85.798
46.076921,3.621475,85.844
46.102603,3.630864,85.89
46.127797,3.639211,85.937
46.152561,3.647794,85.982
46.237471,3.657634,86.03
46.323664,3.701091,86.185
46.349196,3.709111,86.345
46.374267,3.717743,86.391
46.398151,3.723943,86.438
46.424221,3.732478,86.484
46.449096,3.73927,86.531
46.473514,3.745977,86.577
46.499361,3.750974,86.623
46.524821,3.756665,86.67
46.550376,3.764136,86.716
46.575255,3.769148,86.762
46.600011,3.776605,86.808
46.624402,3.784964,86.854
46.648536,3.790866,86.901
46.674686,3.797673,86.946
46.699792,3.801465,86.993
46.724675,3.804499,87.039
46.749734,3.807872,87.085
46.834003,3.811235,87.132
47.034368,3.867543,87.287
47.05982,3.875823,87.657
47.083596,3.881558,87.703
47.10879,3.888139,87.749
47.134622,3.893114,87.795
47.158975,3.898674,87.842
47.184726,3.904434,87.888
47.21025,3.908718,87.934
47.235121,3.913813,87.981
47.260235,3.919754,88.027
47.285271,3.924088,88.074
47.311103,3.92699,88.12
47.334469,3.929733,88.166
47.542821,3.934327,88.212
47.567996,3.996616,88.598
47.593393,4.005119,88.644
47.618937,4.014057,88.69
47.644116,4.022249,88.737
47.669844,4.030952,88.784
47.694873,4.039146,88.83
47.720209,4.047783,88.877
47.746098,4.057712,88.924
47.77027,4.065154,88.97
47.794181,4.070359,89.015
47.819229,4.07637,89.061
47.844946,4.081255,89.107
47.869567,4.088241,89.154
47.894923,4.094133,89.201
47.920209,4.100136,89.246
47.945065,4.108427,89.293
48.02923,4.116597,89.338
48.110459,4.166905,89.493
48.136007,4.174371,89.644
48.161308,4.181786,89.69
48.186268,4.190007,89.737
48.211347,4.197853,89.783
48.235588,4.203514,89.83
48.260506,4.211755,89.876
48.286364,4.217316,89.922
48.311643,4.222183,89.968
48.336145,4.228566,90.015
48.361712,4.232168,90.061
48.387033,4.239374,90.108
48.412484,4.244586,90.154
48.437321,4.250058,90.201
48.461639,4.25608,90.247
48.486799,4.261941,90.293
48.51069,4.269747,90.338
48.536826,4.27503,90.385
48.620898,4.279957,90.431
48.706999,4.314638,90.586
48.731597,4.321865,90.745
48.75565,4.331585,90.79
48.781206,4.339877,90.837
48.805324,4.34807,90.882
48.830914,4.359186,90.929
48.856869,4.366447,90.976
48.88192,4.374215,91.022
48.906945,4.382973,91.068
48.932405,4.391405,91.115
48.958194,4.401435,91.162
48.982428,4.410393,91.208
49.006746,4.420834,91.254
49.03194,4.430522,91.3
49.057076,4.439185,91.347
49.082797,4.448655,91.393
49.107802,4.457078,91.438
49.133819,4.465676,91.486
49.21602,4.474248,91.532
49.301568,4.504616,91.686
49.326962,4.509051,91.844
49.351921,4.51301,91.891
49.376693,4.516866,91.937
49.402098,4.520869,91.983
49.428007,4.524513,92.03
49.452782,4.528972,92.076
49.477588,4.531459,92.122
49.502306,4.534043,92.168
49.527588,4.535657,92.214
49.551837,4.537456,92.261
49.577335,4.540005,92.307
49.602951,4.542762,92.353
49.627581,4.546116,92.4
49.653339,4.551023,92.445
49.679067,4.554786,92.492
49.703747,4.558229,92.539
49.727915,4.560289,92.584
49.811803,4.563301,92.631
50.012015,4.593261,92.786
50.037823,4.595559,93.157
50.063183,4.596384,93.204
50.087654,4.598812,93.25
50.113286,4.598019,93.296
50.138845,4.596423,93.341
50.163175,4.595469,93.388
50.188919,4.59384,93.435
50.214028,4.591092,93.481
50.238292,4.590342,93.528
50.262564,4.590017,93.573
50.288143,4.588443,93.619
50.31321,4.590067,93.665
50.521274,4.593161,93.711
50.547148,4.620735,94.097
50.572646,4.625423,94.144
50.598116,4.627702,94.19
50.623007,4.630686,94.237
50.648155,4.63203,94.283
50.673629,4.63193,94.329
50.698093,4.631274,94.376
50.72285,4.629361,94.422
50.747875,4.626718,94.468
50.773076,4.624503,94.515
50.798351,4.622335,94.561
50.823714,4.619451,94.606
50.8491,4.616248,94.653
50.873572,4.612806,94.7
50.899058,4.607194,94.746
50.924125,4.602576,94.792
51.007333,4.59544,94.838
51.089715,4.566965,94.994
51.11436,4.561313,95.145
51.139343,4.552932,95.191
51.163722,4.545836,95.237
51.188843,4.536832,95.283
51.21466,4.529806,95.329
51.239873,4.521744,95.376
51.264622,4.514547,95.422
51.290446,4.504042,95.468
51.315866,4.494493,95.515
51.339704,4.484713,95.561
51.36486,4.478743,95.608
51.390042,4.471466,95.654
51.41519,4.464759,95.699
51.439954,4.45856,95.746
51.465836,4.453924,95.793
51.490857,4.448425,95.838
51.515725,4.443149,95.885
51.598967,4.437409,95.931
51.684234,4.400744,96.086
51.709774,4.391121,96.244
51.734476,4.381807,96.29
51.759966,4.36886,96.337
51.785268,4.355538,96.382
51.810585,4.342089,96.429
51.835441,4.327996,96.475
51.860812,4.311171,96.521
51.885272,4.296008,96.568
51.909844,4.276023,96.614
51.935038,4.258308,96.661
51.960885,4.242308,96.707
51.985695,4.227965,96.754
52.011196,4.212075,96.8
52.036367,4.198406,96.846
52.061838,4.184379,96.892
52.086367,4.171127,96.938
52.111454,4.158574,96.985
52.19455,4.145071,97.031
52.280943,4.077546,97.186
52.305922,4.07058,97.345
52.331112,4.065304,97.391
52.357075,4.06085,97.438
52.381435,4.057652,97.484
52.406544,4.053934,97.53
52.430836,4.050165,97.576
52.455004,4.050195,97.622
52.480959,4.04944,97.668
52.506222,4.051016,97.715
52.532046,4.052538,97.76
52.557309,4.05531,97.807
52.582503,4.060145,97.854
52.607913,4.064729,97.9
52.633011,4.071515,97.946
52.65777,4.077726,97.994
52.682688,4.080814,98.04
52.707521,4.084943,98.086
52.791659,4.088171,98.133
52.991056,4.129205,98.287
53.016811,4.135057,98.657
53.042132,4.140234,98.703
53.067291,4.147419,98.749
53.092166,4.155091,98.795
53.117429,4.16392,98.842
53.142209,4.169971,98.888
53.16678,4.177273,98.934
53.191751,4.185633,98.98
53.216911,4.191825,99.026
53.242166,4.19954,99.072
53.267603,4.20792,99.119
53.292927,4.213059,99.166
53.501675,4.21947,99.212
53.526447,4.228949,99.597
53.551107,4.225907,99.643
53.575913,4.223027,99.688
53.600369,4.218941,99.734
53.624899,4.214333,99.781
53.650965,4.208061,99.827
53.675763,4.201574,99.873
53.700665,4.197971,99.92
53.72619,4.194349,99.966
53.751729,4.189156,100.012
53.776704,4.185389,100.059
53.801418,4.181176,100.105
53.826774,4.177363,100.151
53.850781,4.174894,100.198
53.876117,4.173305,100.244
53.901891,4.167653,100.29
53.985514,4.160597,100.336
54.06798,4.104379,100.492
54.092713,4.098892,100.645
54.118922,4.094383,100.691
54.143901,4.091704,100.737
54.168745,4.08654,100.784
54.193674,4.0819,100.83
54.219859,4.079737,100.876
54.244227,4.078371,100.922
54.268138,4.081929,100.969
54.293367,4.085143,101.014
54.318684,4.087695,101.06
54.343259,4.093933,101.106
54.368807,4.098557,101.152
54.39407,4.103629,101.199
54.41855,4.108625,101.244
54.443978,4.114447,101.291
54.468761,4.121295,101.337
54.492395,4.129335,101.382
54.577878,4.140493,101.428
54.664013,4.202788,101.585
54.689753,4.214682,101.744
54.714889,4.224076,101.791
54.739826,4.234127,101.838
54.765742,4.243652,101.885
54.791005,4.253167,101.931
54.8153,4.263784,101.977
54.839549,4.276193,102.024
54.865419,4.287461,102.07
54.889914,4.2995,102.116
54.915047,4.312587,102.162
54.940967,4.325253,102.209
54.96575,4.337044,102.254
54.991109,4.34804,102.302
55.016764,4.358364,102.348
55.041701,4.367548,102.395
55.065842,4.37476,102.44
55.089968,4.38102,102.486
55.174406,4.387616,102.533
55.260503,4.416259,102.687
55.286023,4.423375,102.845
55.310069,4.430743,102.891
55.335382,4.438289,102.937
55.360791,4.447823,102.984
55.38542,4.456857,103.031
55.410407,4.467897,103.077
55.435736,4.47689,103.123
55.46078,4.485388,103.169
55.485682,4.493136,103.216
55.511529,4.500272,103.262
55.536911,4.509221,103.309
55.561836,4.515077,103.355
55.587384,4.522237,103.402
55.612017,4.528118,103.448
55.636377,4.534847,103.494
55.661399,4.541019,103.54
55.686846,4.548045,103.586
55.771076,4.552492,103.633
55.970934,4.607781,103.788
55.99566,4.613533,104.157
56.020808,4.620185,104.202
56.045687,4.629015,104.249
56.069943,4.635372,104.295
56.094803,4.642738,104.342
56.120789,4.649294,104.388
56.145879,4.655355,104.434
56.170819,4.661836,104.48
56.195902,4.666514,104.527
56.221684,4.671151,104.572
56.246133,4.676983,104.619
56.270597,4.680751,104.665
56.480255,4.686974,104.711
56.505545,4.738341,105.098
56.529913,4.744952,105.144
56.555061,4.751488,105.191
56.580739,4.757108,105.237
56.605142,4.764041,105.283
56.630355,4.771973,105.33
56.655492,4.776516,105.375
56.680832,4.781836,105.422
56.705976,4.786326,105.468
56.730636,4.792701,105.514
56.755872,4.79616,105.56
56.780275,4.800259,105.607
56.805596,4.803958,105.654
56.831278,4.809066,105.699
56.855565,4.81184,105.746
56.881293,4.816694,105.792
56.96462,4.822574,105.838
57.047022,4.857107,105.993
57.072381,4.863513,106.145
57.097586,4.869543,106.191
57.123107,4.875934,106.238
57.148067,4.883686,106.283
57.172485,4.889847,106.331
57.197571,4.894421,106.377
57.222831,4.900712,106.423
57.247214,4.907069,106.47
57.272431,4.912103,106.516
57.298355,4.917713,106.563
57.323176,4.924769,106.608
57.34834,4.931235,106.655
57.37396,4.937251,106.7
57.398885,4.943233,106.747
57.422485,4.948944,106.793
57.447387,4.954667,106.839
57.472781,4.958849,106.885
57.55693,4.96582,106.931
57.643473,4.999681,107.086
57.667833,5.004179,107.245
57.69373,5.009802,107.291
57.717676,5.013425,107.337
57.742436,5.017732,107.384
57.768118,5.024084,107.43
57.793442,5.028731,107.477
57.818179,5.036611,107.523
57.8434,5.042383,107.569
57.86914,5.049229,107.615
57.894103,5.05504,107.662
57.918875,5.061367,107.708
57.944768,5.068343,107.754
57.968329,5.076198,107.801
57.993381,5.080237,107.847
58.018998,5.086279,107.893
58.043658,5.089942,107.938
58.068652,5.093634,107.986
58.153585,5.097326,108.031
58.238211,5.107567,108.187
58.263989,5.107537,108.345
58.288088,5.106752,108.392
58.313105,5.107337,108.438
58.339244,5.108642,108.484
58.364746,5.109225,108.53
58.389632,5.10908,108.577
58.414838,5.108131,108.624
58.440524,5.108281,108.67
58.465096,5.110036,108.716
58.489583,5.109245,108.761
58.514865,5.111201,108.808
58.538749,5.114493,108.854
58.564089,5.11967,108.9
58.589721,5.124711,108.946
58.614942,5.128175,108.993
58.640044,5.132169,109.039
58.664439,5.134257,109.085
58.747685,5.137245,109.13
58.949568,5.147553,109.286
58.974851,5.1457,109.657
58.998635,5.145046,109.704
59.023994,5.14427,109.75
59.049419,5.14409,109.796
59.073925,5.142498,109.841
59.099269,5.139383,109.888
59.124686,5.13787,109.934
59.150041,5.135281,109.981
59.173821,5.130483,110.027
59.198658,5.125597,110.072
59.224421,5.122453,110.119
59.248562,5.120144,110.164
59.457948,5.117946,110.211
59.483246,5.08159,110.597
59.508578,5.077717,110.644
59.533492,5.074715,110.689
59.558828,5.07315,110.736
59.584091,5.073591,110.782
59.608697,5.072186,110.828
59.633753,5.07151,110.874
59.658213,5.072525,110.921
59.682835,5.07308,110.967
59.707726,5.076513,111.013
59.733669,5.079232,111.06
59.758801,5.08131,111.106
59.783431,5.082925,111.152
59.809431,5.084278,111.198
59.834837,5.086686,111.245
59.858225,5.088527,111.291
59.942006,5.09023,111.337
60.025621,5.097326,111.491
60.051364,5.10031,111.645
60.076093,5.103078,111.691
60.100223,5.107896,111.738
60.125825,5.113737,111.784
60.150004,5.119954,111.831
60.175318,5.128214,111.877
60.201572,5.135819,111.924
60.226509,5.143881,111.97
60.251495,5.152002,112.017
60.277315,5.16068,112.063
60.302579,5.165971,112.109
60.327239,5.171891,112.155
60.351734,5.178292,112.202
60.376682,5.184467,112.248
60.402087,5.191329,112.294
60.427316,5.198316,112.341
60.452717,5.204381,112.387
60.535998,5.212774,112.434
60.621227,5.254939,112.588
60.645856,5.261695,112.745
60.670516,5.269413,112.791
60.695906,5.276439,112.837
60.721035,5.282074,112.884
60.746659,5.288851,112.93
60.77253,5.296472,112.977
60.797389,5.303204,113.024
60.82251,5.311267,113.07
60.847678,5.3155,113.117
60.873025,5.322147,113.163
60.896925,5.326255,113.209
60.922153,5.332741,113.255
60.947701,5.340159,113.302
60.972684,5.347946,113.348
60.99792,5.354752,113.394
61.023621,5.359396,113.441
61.048857,5.366423,113.487
61.132127,5.370965,113.533
61.216434,5.41198,113.688
61.241651,5.422299,113.844
61.267117,5.431519,113.89
61.291585,5.442187,113.937
61.31681,5.450278,113.983
61.342707,5.459454,114.029
61.367202,5.469573,114.075
61.391551,5.477363,114.122
61.417202,5.485803,114.168
61.442408,5.494359,114.215
61.467298,5.502224,114.262
61.491993,5.509149,114.308
61.517932,5.515212,114.353
61.542358,5.522383,114.4
61.567829,5.526765,114.446
61.593868,5.532577,114.493
61.617529,5.53792,114.539
61.642278,5.542708,114.586
61.726573,5.549303,114.632
61.927103,5.607164,114.786
61.95234,5.611728,115.157
61.977841,5.617569,115.203
62.002213,5.625075,115.249
62.028014,5.634104,115.295
62.053488,5.640255,115.342
62.078825,5.648127,115.388
62.102686,5.657321,115.434
62.127476,5.66252,115.481
62.152774,5.669647,115.527
62.177887,5.673706,115.572
62.203846,5.679266,115.62
62.228737,5.684021,115.666
62.436447,5.687729,115.712
62.461768,5.738127,116.097
62.487323,5.747055,116.144
62.513021,5.754613,116.19
62.537339,5.76219,116.236
62.562406,5.770001,116.283
62.587224,5.774214,116.329
62.612375,5.77914,116.375
62.637535,5.783523,116.422
62.662667,5.788508,116.468
62.687712,5.793273,116.514
62.712913,5.798196,116.561
62.739102,5.804188,116.607
62.764458,5.808554,116.654
62.788584,5.811985,116.7
62.81359,5.814649,116.747
62.838369,5.815279,116.793
62.92238,5.816632,116.838
63.003375,5.816394,116.994
63.028969,5.815678,117.145
63.05422,5.816314,117.191
63.079426,5.818785,117.238
63.104555,5.821915,117.284
63.13049,5.825736,117.33
63.155676,5.829654,117.377
63.179995,5.835897,117.424
63.205961,5.840083,117.47
63.230521,5.845352,117.516
63.254536,5.851533,117.563
63.280114,5.857206,117.609
63.30505,5.863396,117.655
63.330364,5.870907,117.702
63.355723,5.875209,117.748
63.38172,5.880067,117.795
63.40668,5.884829,117.842
63.431439,5.890366,117.888
63.514959,5.895758,117.934
63.599546,5.92829,118.088
63.62494,5.934121,118.245
63.649707,5.940014,118.291
63.675385,5.94643,118.338
63.70086,5.950522,118.384
63.726154,5.953467,118.43
63.751398,5.956126,118.477
63.77605,5.956015,118.524
63.800487,5.954431,118.57
63.824955,5.953356,118.616
63.851271,5.952662,118.662
63.875755,5.950837,118.708
63.900438,5.948789,118.754
63.926239,5.94639,118.801
63.951244,5.943208,118.846
63.976154,5.937605,118.893
64.00038,5.931214,118.939
64.025421,5.921819,118.985
64.109124,5.912283,119.031
64.195805,5.868538,119.186
64.220649,5.865356,119.345
64.245828,5.863566,119.391
64.271618,5.863376,119.437
64.296205,5.86669,119.484
64.320899,5.869683,119.53
64.345556,5.872652,119.576
64.370189,5.874791,119.622
64.395636,5.878044,119.668
64.421484,5.881517,119.715
64.446985,5.88549,119.761
64.470903,5.889817,119.807
64.496366,5.896199,119.853
64.521322,5.90289,119.9
64.545494,5.908491,119.945
64.570527,5.913429,119.991
64.595437,5.918477,120.038
64.620785,5.923928,120.084
64.70488,5.925562,120.13
64.906325,5.925472,120.284
64.931926,5.928584,120.658
64.957382,5.933592,120.704
64.982522,5.940177,120.75
65.006486,5.945744,120.796
65.032088,5.955524,120.843
65.057128,5.96539,120.889
65.081769,5.973009,120.936
65.106863,5.98173,120.981
65.132196,5.987991,121.028
65.157251,5.993453,121.075
65.182653,5.99847,121.121
65.208485,6.000299,121.168
65.4155,6.004877,121.214
65.44051,6.035034,121.597
65.465565,6.035319,121.643
65.490567,6.036885,121.689
65.514893,6.039903,121.736
65.540387,6.041139,121.782
65.566172,6.044977,121.829
65.590982,6.048446,121.875
65.616307,6.056324,121.921
65.641793,6.064216,121.968
65.667218,6.067253,122.015
65.691175,6.069695,122.061
65.716461,6.073995,122.107
65.741593,6.078328,122.154
65.765789,6.084875,122.2
65.791497,6.089184,122.246
65.816784,6.09602,122.292
65.900418,6.099929,122.338
65.982224,6.13727,122.492
66.007556,6.14282,122.645
66.03378,6.148741,122.692
66.058459,6.153074,122.738
66.083453,6.155082,122.783
66.108663,6.157614,122.83
66.134272,6.158169,122.876
66.157875,6.159045,122.923
66.182478,6.15871,122.969
66.208602,6.15873,123.015
66.233073,6.159604,123.061
66.258575,6.159045,123.108
66.283807,6.159836,123.154
66.309101,6.161002,123.2
66.333865,6.164099,123.246
66.358352,6.167337,123.292
66.384061,6.168824,123.338
66.40831,6.171517,123.385
66.492651,6.174099,123.432
66.578452,6.197806,123.585
66.603892,6.203201,123.745
66.629463,6.211013,123.791
66.653643,6.21808,123.837
66.678214,6.223745,123.883
66.702579,6.229912,123.929
66.728072,6.237211,123.975
66.753074,6.242868,124.022
66.778937,6.24786,124.068
66.803885,6.251651,124.115
66.828772,6.255729,124.16
66.854319,6.258529,124.207
66.879045,6.26372,124.253
66.903639,6.266539,124.3
66.928311,6.269652,124.346
66.95405,6.27297,124.392
66.979037,6.276064,124.438
67.00364,6.278012,124.484
67.087758,6.278992,124.531
67.174473,6.282285,124.685
67.199706,6.279527,124.845
67.224193,6.275149,124.892
67.249095,6.272441,124.938
67.274658,6.269862,124.984
67.298653,6.265864,125.03
67.324816,6.263771,125.076
67.350056,6.260758,125.122
67.374789,6.256439,125.168
67.399975,6.250578,125.214
67.426207,6.244457,125.262
67.450202,6.238796,125.308
67.474897,6.233132,125.355
67.500229,6.229832,125.401
67.525646,6.224992,125.448
67.551262,6.222089,125.494
67.576042,6.220993,125.539
67.601451,6.218906,125.586
67.684939,6.217345,125.632
67.886284,6.245051,125.787
67.910794,6.24582,126.157
67.935627,6.249273,126.203
67.960844,6.251303,126.25
67.985455,6.252518,126.296
68.010533,6.252147,126.342
68.035674,6.252177,126.389
68.061114,6.254746,126.435
68.085985,6.256338,126.481
68.111225,6.259781,126.528
68.137018,6.26237,126.573
68.161068,6.268353,126.62
68.185393,6.273456,126.665
68.394476,6.279708,126.712
68.418994,6.343726,127.097
68.444003,6.351961,127.143
68.469558,6.358832,127.189
68.495098,6.363429,127.235
68.519278,6.367022,127.282
68.545041,6.370196,127.329
68.570803,6.371821,127.375
68.595959,6.37112,127.421
68.620177,6.369786,127.468
68.645356,6.368078,127.515
68.670757,6.367192,127.561
68.695337,6.365149,127.607
68.7209,6.366463,127.654
68.74624,6.369172,127.7
68.771188,6.373409,127.746
68.796244,6.377946,127.792
68.879824,6.382,127.838
68.962444,6.421658,127.993
68.988038,6.431582,128.144
69.012702,6.441751,128.192
69.03848,6.452165,128.238
69.06256,6.4631,128.285
69.08677,6.471782,128.331
69.112495,6.480036,128.377
69.137643,6.488703,128.423
69.162522,6.496541,128.47
69.187869,6.506625,128.515
69.213286,6.512977,128.561
69.238588,6.520698,128.608
69.263505,6.52703,128.654
69.288853,6.535767,128.701
69.313102,6.543695,128.748
69.337743,6.550447,128.794
69.363582,6.560006,128.84
69.388584,6.569484,128.886
69.472518,6.580395,128.932
69.558358,6.616077,129.087
69.582553,6.61828,129.244
69.60714,6.621858,129.289
69.631458,6.621111,129.335
69.656783,6.62046,129.382
69.682038,6.620551,129.428
69.707186,6.621132,129.474
69.731727,6.620832,129.52
69.756945,6.617859,129.565
69.78167,6.618519,129.612
69.805896,6.619054,129.657
69.830967,6.620391,129.704
69.856914,6.622493,129.75
69.881716,6.625026,129.797
69.906941,6.629504,129.843
69.932404,6.635205,129.889
69.957083,6.638403,129.935
69.982101,6.642242,129.981
70.066818,6.64546,130.028
70.153603,6.675733,130.185
70.179074,6.683728,130.345
70.203968,6.691789,130.392
70.228739,6.701145,130.438
70.255032,6.708695,130.485
70.279758,6.719089,130.531
70.304468,6.728859,130.578
70.329608,6.738595,130.624
70.355224,6.746715,130.669
70.379251,6.753235,130.716
70.404406,6.761052,130.762
70.429531,6.769503,130.809
70.454026,6.776892,130.855
70.478867,6.785533,130.9
70.504499,6.794618,130.945
70.52947,6.803449,130.991
70.553004,6.813517,131.037
70.57806,6.822098,131.082
70.662048,6.830952,131.128
70.863554,6.923521,131.284
70.888725,6.93291,131.656
70.913259,6.941332,131.702
70.937945,6.950191,131.748
70.963247,6.95997,131.793
70.987711,6.968622,131.839
71.012583,6.977436,131.885
71.036609,6.987346,131.929
71.061196,6.995954,131.976
71.086628,7.004936,132.022
71.112252,7.01286,132.068
71.137293,7.020862,132.114
71.161918,7.025146,132.16
71.372476,7.028814,132.206
71.398469,7.01892,132.597
71.423947,7.016497,132.643
71.448588,7.015562,132.689
71.473682,7.015876,132.736
71.498968,7.015162,132.782
71.522641,7.015827,132.828
71.548365,7.011993,132.875
71.573114,7.008225,132.921
71.598231,7.004667,132.967
71.623195,7.001309,133.013
71.649395,6.998485,133.06
71.674174,6.998275,133.106
71.699453,6.999431,133.152
71.724094,7.003831,133.199
71.74918,7.006889,133.244
71.773007,7.007684,133.29
71.857486,7.010897,133.336
71.940675,7.033359,133.491
71.966238,7.035739,133.644
71.989957,7.041465,133.691
72.014974,7.047136,133.736
72.04066,7.05545,133.783
72.066107,7.062145,133.829
72.090694,7.071773,133.876
72.116165,7.08093,133.922
72.14119,7.090273,133.968
72.164886,7.101574,134.013
72.190226,7.110989,134.06
72.214782,7.122917,134.105
72.239738,7.132632,134.151
72.264671,7.144616,134.198
72.290925,7.158719,134.244
72.316096,7.174958,134.29
72.340576,7.193944,134.337
72.366423,7.210545,134.383
72.448982,7.22634,134.429
72.536642,7.312596,134.585
72.561344,7.330757,134.745
72.586416,7.348609,134.792
72.612155,7.365129,134.838
72.637311,7.381704,134.885
72.662951,7.396529,134.932
72.688752,7.412699,134.977
72.713746,7.430581,135.025
72.738502,7.447601,135.071
72.763865,7.464648,135.118
72.788598,7.480722,135.164
72.813085,7.49966,135.21
72.837949,7.517686,135.257
72.863696,7.53795,135.303
72.888982,7.560262,135.35
72.914307,7.585658,135.396
72.940231,7.608714,135.443
72.965033,7.632756,135.489
73.048445,7.656374,135.534
73.132041,7.780594,135.691
73.156659,7.799515,135.844
73.18309,7.817908,135.891
73.207884,7.836291,135.938
73.23294,7.853852,135.984
73.258426,7.872729,136.03
73.282414,7.892017,136.076
73.306601,7.910966,136.122
73.332349,7.932365,136.169
73.357435,7.951159,136.215
73.381968,7.970242,136.261
73.407646,7.986982,136.307
73.433301,8.007337,136.354
73.457819,8.028666,136.4
73.482975,8.049997,136.445
73.507447,8.0745,136.492
73.532372,8.09954,136.538
73.557059,8.122917,136.585
73.641323,8.145945,136.631
73.842276,8.378719,136.784
73.868293,8.398601,137.157
73.893249,8.4188,137.203
73.917836,8.438409,137.25
73.94336,8.459718,137.296
73.968923,8.484154,137.342
73.993264,8.509629,137.388
74.018258,8.53674,137.435
74.043491,8.563185,137.482
74.068293,8.592194,137.528
74.09338,8.618904,137.575
74.119365,8.643962,137.621
74.144513,8.667243,137.667
74.351851,8.691181,137.713
74.377276,8.879652,138.097
74.402239,8.90411,138.143
74.426895,8.929905,138.189
74.451183,8.956454,138.235
74.476431,8.985458,138.282
74.501625,9.01073,138.328
74.526872,9.036465,138.375
74.552151,9.062499,138.42
74.577714,9.08945,138.467
74.602654,9.116594,138.513
74.627418,9.143242,138.559
74.652689,9.173799,138.606
74.676992,9.200859,138.652
74.701594,9.228383,138.698
74.727049,9.255685,138.744
74.752282,9.283297,138.79
74.836393,9.312154,138.836
74.918514,9.506896,138.992
74.944315,9.543729,139.145
74.969824,9.581056,139.192
74.99468,9.615818,139.238
75.019697,9.647131,139.284
75.045321,9.674251,139.33
75.071115,9.701002,139.377
75.095748,9.725972,139.423
75.120811,9.750768,139.469
75.145137,9.776445,139.515
75.170055,9.801505,139.562
75.195579,9.826532,139.608
75.221572,9.851253,139.654
75.246128,9.875936,139.701
75.270984,9.900766,139.747
75.296709,9.923661,139.793
75.321442,9.945837,139.839
75.345883,9.968914,139.885
75.429071,9.991941,139.932
75.515649,10.130109,140.085
75.541296,10.158784,140.244
75.565852,10.188087,140.29
75.591116,10.217946,140.337
75.616924,10.250507,140.384
75.641657,10.283569,140.43
75.66596,10.316574,140.476
75.6912,10.347382,140.522
75.715864,10.377761,140.569
75.740605,10.408665,140.615
75.766967,10.44603,140.662
75.792138,10.487719,140.708
75.817017,10.5286,140.754
75.841827,10.571884,140.8
75.867328,10.615448,140.846
75.891861,10.662482,140.893
75.916564,10.711563,140.939
75.942342,10.76177,140.986
76.025338,10.811062,141.032
76.112346,11.081231,141.185
76.136656,11.126323,141.345
76.161912,11.172,141.391
76.187267,11.215745,141.438
76.211209,11.261869,141.484
76.236941,11.308751,141.53
76.261997,11.354042,141.576
76.286768,11.401569,141.622
76.311878,11.449023,141.669
76.337379,11.492863,141.715
76.362642,11.53526,141.761
76.386883,11.578131,141.807
76.411862,11.621454,141.854
76.436519,11.663059,141.9
76.461628,11.711176,141.946
76.486407,11.758099,141.992
76.512508,11.806223,142.038
76.537203,11.857939,142.084
76.621751,11.910738,142.131
76.822351,12.449891,142.286
76.847637,12.502069,142.658
76.873431,12.549197,142.703
76.897334,12.597608,142.75
76.921137,12.643702,142.796
76.946954,12.69112,142.842
76.972417,12.742502,142.888
76.997726,12.792289,142.935
77.022436,12.843187,142.981
77.04816,12.894296,143.027
77.072962,12.943771,143.073
77.098502,12.994594,143.12
77.123542,13.049216,143.166
77.331925,13.106977,143.212
77.355721,13.521068,143.596
77.380846,13.565953,143.642
77.405733,13.614268,143.689
77.429974,13.664323,143.734
77.455368,13.713461,143.779
77.480677,13.766059,143.826
77.505648,13.819338,143.872
77.529897,13.869961,143.918
77.554146,13.9194,143.964
77.579732,13.967648,144.009
77.604365,14.019196,144.055
77.629583,14.070697,144.101
77.655038,14.119156,144.147
77.679725,14.165546,144.194
77.705257,14.208396,144.24
77.730589,14.251354,144.286
77.813217,14.292496,144.333
77.898457,14.619522,144.488
77.923613,14.686774,144.645
77.949545,14.749944,144.691
77.974531,14.806092,144.738
77.999495,14.857406,144.783
78.024458,14.907181,144.83
78.049176,14.957003,144.877
78.073287,15.004808,144.923
78.099188,15.057693,144.97
78.124904,15.107373,145.016
78.149776,15.155753,145.061
78.174931,15.199815,145.108
78.200225,15.243486,145.154
78.226026,15.283542,145.2
78.24973,15.326571,145.247
78.275054,15.369445,145.294
78.300125,15.411808,145.34
78.324858,15.457476,145.385
78.409146,15.503495,145.433
78.494279,15.864083,145.586
78.520602,15.945185,145.745
78.545458,16.021171,145.792
78.569546,16.095459,145.838
78.594317,16.160463,145.884
78.619773,16.225267,145.93
78.644582,16.287724,145.977
78.670007,16.350168,146.023
78.695946,16.413682,146.07
78.72091,16.476727,146.116
78.745566,16.537526,146.162
78.771006,16.600262,146.209
78.795493,16.661617,146.254
78.820003,16.725254,146.301
78.845328,16.788615,146.346
78.870768,16.852118,146.393
78.895478,16.915955,146.439
78.921056,16.973942,146.485
79.00476,17.03195,146.532
79.090791,17.376789,146.687
79.114556,17.441143,146.844
79.139704,17.505843,146.891
79.164883,17.568509,146.936
79.190077,17.630942,146.983
79.215317,17.699563,147.029
79.240288,17.772623,147.075
79.266282,17.842764,147.122
79.29063,17.908403,147.168
79.315271,17.976324,147.214
79.340465,18.047929,147.26
79.365183,18.123085,147.307
79.390377,18.187839,147.354
79.415917,18.250181,147.4
79.441311,18.320396,147.447
79.465905,18.397659,147.492
79.491207,18.486671,147.539
79.517469,18.589536,147.585
79.59979,18.696499,147.631
79.801557,20.301818,147.786
79.826014,20.440037,148.158
79.850993,20.569661,148.204
79.876701,20.695053,148.25
79.900904,20.815964,148.297
79.92629,20.933926,148.343
79.951523,21.047441,148.388
79.977155,21.161627,148.436
80.001957,21.283729,148.482
80.027097,21.405394,148.528
80.052922,21.528808,148.575
80.077178,21.653864,148.621
80.102311,21.781275,148.668
80.309841,21.905991,148.714
80.335196,22.923405,149.097
80.359584,23.034006,149.143
80.385369,23.140119,149.189
80.410778,23.243116,149.236
80.434981,23.346586,149.281
80.46049,23.453335,149.328
80.485047,23.563749,149.374
80.51031,23.672307,149.421
80.534797,23.781202,149.467
80.56046,23.886196,149.513
80.585301,23.994518,149.559
80.610172,24.106383,149.605
80.635497,24.220144,149.651
80.661528,24.340877,149.697
80.685961,24.465945,149.744
80.710295,24.593519,149.791
80.793722,24.726111,149.836
80.878217,25.520733,149.992
80.903534,25.665617,150.145
80.927552,25.812811,150.192
80.952639,25.953105,150.238
80.977387,26.092173,150.283
81.002151,26.229485,150.33
81.028075,26.361266,150.377
81.053523,26.490846,150.423
81.077987,26.615222,150.469
81.103588,26.737554,150.515
81.128874,26.86409,150.562
81.153792,26.989297,150.608
81.177749,27.11054,150.654
81.202682,27.228731,150.7
81.227522,27.351312,150.746
81.252686,27.471081,150.793
81.278786,27.584425,150.838
81.304042,27.696225,150.885
81.387799,27.804456,150.932
81.473024,28.412166,151.087
81.497941,28.531871,151.245
81.523328,28.650857,151.291
81.548268,28.764855,151.338
81.573224,28.868254,151.384
81.598426,28.966117,151.43
81.624181,29.063974,151.476
81.648914,29.162098,151.522
81.673693,29.255062,151.569
81.698749,29.347141,151.615
81.722951,29.442022,151.661
81.747992,29.540295,151.707
81.774162,29.64606,151.754
81.798587,29.764038,151.8
