Current,Voltage,Time
-0.018648,-0.930384,0.137
-0.018174,-0.92924,0.183
-0.018563,-0.924522,0.228
-0.017894,-0.918015,0.274
-0.018271,-0.909101,0.32
-0.018052,-0.899766,0.366
-0.018302,-0.887846,0.412
-0.018916,-0.875023,0.457
-0.018198,-0.860384,0.504
-0.019135,-0.844333,0.55
-0.017796,-0.826286,0.596
0.113247,-0.651854,0.641
0.136559,-0.632211,1.009
0.160621,-0.608266,1.055
0.245236,-0.583761,1.102
0.270726,-0.508447,1.256
0.295587,-0.491416,1.302
0.320517,-0.478208,1.348
0.34515,-0.469206,1.393
0.369886,-0.463021,1.44
0.394789,-0.45979,1.486
0.418987,-0.458448,1.531
0.44424,-0.457481,1.577
0.469435,-0.458478,1.623
0.494853,-0.460995,1.67
0.582318,-0.474625,1.716
0.607475,-0.485034,1.877
0.632635,-0.492749,1.924
0.656807,-0.503699,1.97
0.681635,-0.516858,2.015
0.706816,-0.531935,2.062
0.731463,-0.550566,2.108
0.756948,-0.571332,2.154
0.955666,-0.593812,2.199
0.980873,-0.810265,2.567
1.006285,-0.833543,2.614
1.031465,-0.853979,2.659
1.055333,-0.870625,2.706
1.080093,-0.881393,2.752
1.178089,-0.864173,2.798
1.202552,-0.851928,2.977
1.2273,-0.834953,3.024
1.252185,-0.814687,3.07
1.277883,-0.793145,3.116
1.302767,-0.769357,3.162
1.327835,-0.743947,3.207
1.353102,-0.716444,3.253
1.435573,-0.685022,3.3
1.460632,-0.591937,3.455
1.485584,-0.568357,3.501
1.51147,-0.549696,3.547
1.536249,-0.537433,3.593
1.561605,-0.533054,3.639
1.586485,-0.535343,3.685
1.610963,-0.547628,3.731
1.635515,-0.567004,3.777
1.660626,-0.588794,3.824
1.685914,-0.609243,3.87
1.77281,-0.662214,3.916
1.798179,-0.661298,4.077
1.823486,-0.647896,4.123
1.848967,-0.630438,4.169
1.873736,-0.612875,4.216
1.898689,-0.594518,4.261
1.92397,-0.576074,4.308
1.947881,-0.559662,4.354
2.032173,-0.54202,4.4
2.056968,-0.486354,4.554
2.082111,-0.471569,4.601
2.107514,-0.455738,4.647
2.132634,-0.442189,4.693
2.157236,-0.430775,4.739
2.181461,-0.42083,4.785
2.206667,-0.409305,4.831
2.231829,-0.398866,4.877
2.256483,-0.386167,4.924
2.282034,-0.371125,4.97
2.36941,-0.317211,5.016
2.394078,-0.305905,5.177
2.419214,-0.292111,5.223
2.444342,-0.279274,5.269
2.468294,-0.267176,5.315
2.4932,-0.254419,5.361
2.518401,-0.239643,5.407
2.543642,-0.225025,5.454
2.627975,-0.207612,5.5
2.653305,-0.15644,5.655
2.678144,-0.145155,5.7
2.702513,-0.135379,5.747
2.727243,-0.124739,5.793
2.752284,-0.112211,5.839
2.777034,-0.098108,5.885
2.802543,-0.081186,5.931
2.827471,-0.064864,5.977
2.852474,-0.048168,6.023
2.877886,-0.031506,6.07
3.079777,0.021452,6.116
3.104699,0.014476,6.489
3.129282,0.00414,6.535
3.213744,-0.014915,6.581
3.238079,-0.080797,6.737
3.262919,-0.088948,6.782
3.288442,-0.099193,6.828
3.313599,-0.104366,6.875
3.33862,-0.112342,6.921
3.363524,-0.115224,6.966
3.388681,-0.118718,7.013
3.412864,-0.122201,7.058
3.437963,-0.12497,7.105
3.462473,-0.128454,7.151
3.560502,-0.138389,7.197
3.585004,-0.145185,7.377
3.610198,-0.148428,7.423
3.635644,-0.148358,7.47
3.660394,-0.144101,7.515
3.685493,-0.137014,7.561
3.710655,-0.128044,7.608
3.736286,-0.117733,7.654
3.934699,-0.106664,7.7
3.958898,-0.098108,8.067
3.983389,-0.105155,8.113
4.008381,-0.11168,8.159
4.033935,-0.119318,8.205
4.058909,-0.125676,8.251
4.155916,-0.072516,8.297
4.180923,-0.175847,8.477
4.206192,-0.170831,8.522
4.231059,-0.17979,8.569
4.25582,-0.190211,8.614
4.280814,-0.205391,8.66
4.305295,-0.225951,8.707
4.330232,-0.247122,8.753
4.414006,-0.267247,8.798
4.439919,-0.327638,8.954
4.464885,-0.331681,9.0
4.490155,-0.328333,9.046
4.514594,-0.322192,9.092
4.538761,-0.312862,9.138
4.563861,-0.303333,9.184
4.588471,-0.29511,9.23
4.614074,-0.283538,9.276
4.639034,-0.273769,9.322
4.664069,-0.263738,9.368
4.752335,-0.238253,9.415
4.776829,-0.238133,9.577
4.802437,-0.236937,9.623
4.827064,-0.235941,9.669
4.852239,-0.237287,9.715
4.876373,-0.23951,9.761
4.901503,-0.243393,9.808
4.926733,-0.246961,9.854
5.01078,-0.248468,9.9
5.035741,-0.259044,10.055
5.06062,-0.264149,10.101
5.085289,-0.271172,10.146
5.109547,-0.2799,10.193
5.134811,-0.287598,10.239
5.160135,-0.29545,10.285
5.185511,-0.300055,10.332
5.211064,-0.304034,10.377
5.235596,-0.306537,10.424
5.261419,-0.311412,10.47
5.348128,-0.354479,10.517
5.373099,-0.374965,10.677
5.397402,-0.38467,10.723
5.421867,-0.389137,10.769
5.447331,-0.388897,10.815
5.471962,-0.385744,10.861
5.497653,-0.380385,10.907
5.522755,-0.373638,10.954
5.606584,-0.36598,10.999
5.631475,-0.341491,11.155
5.655585,-0.336977,11.201
5.680937,-0.335025,11.247
5.705913,-0.333628,11.293
5.731474,-0.334033,11.339
5.756408,-0.335961,11.385
5.781843,-0.340555,11.432
5.807081,-0.346225,11.478
5.831295,-0.355996,11.524
5.85628,-0.368503,11.57
6.058594,-0.409456,11.616
6.083278,-0.404435,11.988
6.107546,-0.393314,12.035
6.19231,-0.379742,12.081
6.217632,-0.328223,12.237
6.242647,-0.309724,12.283
6.267833,-0.289084,12.329
6.293106,-0.268178,12.376
6.317789,-0.247802,12.421
6.342063,-0.229269,12.467
6.366137,-0.21058,12.514
6.391562,-0.191136,12.559
6.416947,-0.175435,12.605
6.442262,-0.162413,12.651
6.538938,-0.118024,12.697
6.564278,-0.113476,12.876
6.588803,-0.108168,12.923
6.614325,-0.103821,12.969
6.639403,-0.101392,13.015
6.664319,-0.096434,13.061
6.688216,-0.093171,13.107
6.713009,-0.090333,13.152
6.911769,-0.089307,13.199
6.937177,-0.141713,13.565
6.962364,-0.152623,13.612
6.987082,-0.164501,13.658
7.012623,-0.172943,13.704
7.037252,-0.180361,13.751
7.135093,-0.20503,13.797
7.159845,-0.209874,13.977
7.184823,-0.208158,14.023
7.209872,-0.206356,14.069
7.233646,-0.202857,14.115
7.258459,-0.198598,14.16
7.283901,-0.194985,14.206
7.309038,-0.193729,14.253
7.393123,-0.194224,14.299
7.418471,-0.211847,14.454
7.443023,-0.222341,14.5
7.467391,-0.231396,14.546
7.49311,-0.241341,14.592
7.518032,-0.25091,14.638
7.543483,-0.259364,14.684
7.568439,-0.26582,14.73
7.593318,-0.273343,14.776
7.618479,-0.278218,14.822
7.643215,-0.280925,14.868
7.732084,-0.244384,14.915
7.756727,-0.228884,15.077
7.781448,-0.210891,15.123
7.806248,-0.192743,15.169
7.830898,-0.175646,15.216
7.856227,-0.160605,15.262
7.880932,-0.14633,15.308
7.906548,-0.130544,15.354
7.989845,-0.115275,15.4
8.014575,-0.062396,15.555
8.03895,-0.0461,15.601
8.064473,-0.032267,15.646
8.089641,-0.01697,15.692
8.114866,-0.005889,15.739
8.140453,0.005735,15.785
8.164882,0.015674,15.831
8.190302,0.026244,15.878
8.214704,0.03881,15.924
8.239399,0.051487,15.97
8.326798,0.074155,16.017
8.351695,0.060071,16.177
8.376541,0.043308,16.223
8.401685,0.019749,16.27
8.427309,-0.005466,16.316
8.451994,-0.032652,16.361
8.477669,-0.062816,16.408
8.502129,-0.092086,16.454
8.584933,-0.12251,16.5
8.610231,-0.193028,16.654
8.635108,-0.204094,16.7
8.66061,-0.21066,16.747
8.68529,-0.213954,16.792
8.710461,-0.211987,16.839
8.734769,-0.21056,16.885
8.759267,-0.205671,16.93
8.78462,-0.201531,16.977
8.809534,-0.197752,17.022
8.834933,-0.193769,17.069
9.037107,-0.242737,17.115
9.061956,-0.256611,17.489
9.086589,-0.266701,17.535
9.172049,-0.275456,17.58
9.197094,-0.297812,17.737
9.221672,-0.297812,17.782
9.246222,-0.29548,17.828
9.270536,-0.290945,17.874
9.295434,-0.284319,17.92
9.320438,-0.277727,17.966
9.345319,-0.270085,18.012
9.370934,-0.261636,18.058
9.395859,-0.25111,18.104
9.421192,-0.241661,18.15
9.444868,-0.231952,18.196
9.529313,-0.193538,18.241
9.554783,-0.184965,18.398
9.579679,-0.173123,18.444
9.605291,-0.160729,18.49
9.63017,-0.148929,18.537
9.655636,-0.134755,18.583
9.680531,-0.118719,18.629
9.882732,-0.102966,18.676
9.907785,-0.001301,19.049
9.932759,0.00427,19.095
9.957389,0.0069,19.141
9.98197,0.004,19.187
10.006899,-0.000808,19.234
10.031924,-0.006935,19.28
10.116505,-0.041592,19.326
10.141919,-0.055106,19.482
10.167301,-0.063649,19.527
10.192073,-0.068059,19.574
10.215855,-0.070836,19.619
10.24081,-0.072656,19.666
10.266027,-0.074159,19.711
10.362941,-0.073546,19.757
10.387649,-0.067633,19.937
10.41278,-0.063046,19.983
10.438467,-0.05693,20.03
10.463137,-0.048929,20.075
10.488498,-0.040318,20.122
10.513121,-0.028403,20.167
10.53856,-0.01414,20.213
10.562741,0.000142,20.259
10.587202,0.019138,20.306
10.612718,0.03851,20.352
10.709631,0.118129,20.398
10.734559,0.130452,20.577
10.759596,0.145903,20.623
10.785011,0.15809,20.669
10.809908,0.168257,20.716
10.83517,0.178191,20.762
10.860199,0.184854,20.808
10.884819,0.192466,20.854
10.968079,0.198517,20.9
10.99317,0.237221,21.055
11.018991,0.252121,21.101
11.043823,0.267577,21.147
11.06877,0.283801,21.194
11.094185,0.300343,21.24
11.118386,0.315735,21.286
11.142593,0.332308,21.331
11.167308,0.350035,21.377
11.192508,0.367452,21.423
11.218226,0.385098,21.469
11.30538,0.435459,21.515
11.330431,0.444975,21.677
11.356097,0.455455,21.724
11.380962,0.465955,21.769
11.406187,0.472022,21.816
11.431185,0.47713,21.862
11.455168,0.480181,21.908
11.480058,0.480335,21.954
11.564145,0.480415,21.999
11.589202,0.463777,22.154
11.614592,0.457736,22.201
11.639517,0.450198,22.246
11.664371,0.443061,22.293
11.688645,0.43481,22.339
11.713806,0.42705,22.385
11.73894,0.415534,22.431
11.763777,0.401551,22.477
11.788716,0.387682,22.523
11.814152,0.366732,22.57
12.016347,0.137389,22.615
12.04097,0.103119,22.989
12.066347,0.075856,23.035
12.150593,0.049843,23.081
12.17543,-0.030098,23.236
12.200545,-0.053827,23.284
12.224802,-0.077279,23.33
12.249812,-0.099363,23.375
12.274717,-0.120462,23.421
12.300298,-0.139804,23.467
12.32499,-0.162393,23.513
12.350004,-0.182338,23.559
12.374221,-0.202337,23.605
12.399117,-0.222812,23.651
12.497384,-0.302292,23.697
12.522398,-0.324409,23.877
12.546359,-0.342577,23.923
12.571566,-0.359273,23.969
12.596491,-0.373758,24.015
12.621668,-0.39267,24.061
12.646768,-0.411501,24.107
12.672329,-0.431236,24.153
12.870709,-0.448631,24.199
12.896197,-0.526357,24.566
12.920471,-0.524982,24.613
12.945283,-0.522365,24.659
12.969892,-0.5193,24.705
12.995311,-0.515587,24.751
13.092324,-0.491546,24.798
13.117094,-0.487249,24.977
13.142621,-0.478908,25.024
13.167685,-0.467773,25.069
13.193082,-0.452475,25.116
13.218171,-0.434235,25.162
13.243079,-0.415948,25.208
13.267813,-0.395923,25.254
13.350919,-0.375729,25.3
13.376136,-0.307392,25.455
13.401236,-0.28978,25.5
13.426452,-0.275121,25.546
13.451354,-0.259985,25.593
13.477152,-0.245926,25.64
13.501111,-0.229044,25.685
13.525868,-0.212528,25.732
13.550719,-0.196382,25.777
13.575511,-0.182078,25.823
13.600585,-0.168469,25.869
13.688288,-0.121577,25.915
13.713499,-0.115266,26.077
13.738547,-0.107195,26.123
13.764011,-0.102113,26.169
13.789097,-0.098099,26.216
13.813052,-0.099093,26.262
13.837901,-0.100167,26.307
13.862812,-0.104726,26.353
13.947323,-0.113487,26.4
13.972484,-0.148729,26.554
13.997557,-0.161199,26.601
14.022016,-0.173184,26.647
14.046719,-0.186512,26.693
14.071507,-0.197008,26.739
14.096345,-0.210761,26.786
14.121864,-0.223134,26.831
14.146333,-0.237097,26.876
14.171612,-0.251452,26.922
14.196336,-0.265585,26.969
14.284662,-0.319895,27.014
14.310223,-0.336816,27.177
14.335069,-0.351471,27.224
14.359718,-0.366016,27.27
14.384478,-0.381096,27.316
14.409122,-0.395119,27.363
14.434252,-0.406743,27.409
14.459024,-0.417403,27.455
14.543674,-0.426948,27.501
14.568566,-0.442086,27.655
14.592731,-0.441457,27.7
14.617682,-0.438632,27.748
14.642375,-0.433604,27.793
14.667834,-0.427542,27.84
14.692882,-0.417959,27.885
14.71835,-0.406049,27.933
14.74339,-0.395339,27.978
14.768455,-0.381236,28.024
14.793319,-0.365966,28.071
14.995799,-0.218944,28.116
15.020917,-0.206136,28.489
15.046114,-0.189446,28.536
15.129334,-0.175646,28.582
15.154753,-0.134806,28.737
15.179949,-0.12773,28.784
15.204307,-0.118294,28.829
15.229928,-0.109993,28.875
15.254821,-0.101832,28.922
15.280139,-0.090932,28.968
15.304479,-0.079649,29.013
15.329188,-0.06687,29.06
15.354668,-0.055072,29.106
15.379396,-0.041883,29.152
15.475961,-0.001008,29.198
15.500911,0.007734,29.377
15.526396,0.019727,29.424
15.551329,0.037374,29.47
15.576603,0.058093,29.515
15.601675,0.082553,29.561
15.626951,0.108014,29.608
15.651923,0.134215,29.655
15.849588,0.164608,29.7
15.874814,0.38996,30.067
15.899665,0.418498,30.113
15.924966,0.447839,30.159
15.94995,0.481035,30.205
15.975277,0.512772,30.251
16.072221,0.615588,30.297
16.097029,0.630738,30.477
16.122369,0.64743,30.523
16.147217,0.659242,30.569
16.172757,0.669643,30.615
16.196829,0.679848,30.662
16.221681,0.686915,30.708
16.246503,0.698513,30.754
16.330853,0.707273,30.8
16.356533,0.732157,30.955
16.381201,0.736276,31.001
16.406555,0.738585,31.047
16.430487,0.739519,31.093
16.455456,0.741144,31.14
16.480362,0.746506,31.185
16.505389,0.752899,31.231
16.530581,0.763749,31.277
16.556096,0.773889,31.324
16.580965,0.788112,31.37
16.668551,0.826853,31.416
16.69377,0.832434,31.577
16.718161,0.843405,31.624
16.742431,0.855019,31.67
16.767153,0.869857,31.715
16.792585,0.882152,31.761
16.818008,0.895755,31.808
16.842931,0.907216,31.854
16.926761,0.920449,31.9
16.951404,0.948313,32.054
16.975941,0.951661,32.101
17.000933,0.955855,32.147
17.025605,0.958818,32.193
17.0514,0.96506,32.239
17.075982,0.969969,32.284
17.101335,0.978914,32.331
17.126554,0.987267,32.376
17.150936,0.996937,32.423
17.175452,1.005916,32.469
17.264209,1.027244,32.515
17.288667,1.025706,32.677
17.312845,1.027759,32.723
17.338201,1.02839,32.769
17.362974,1.027759,32.815
17.388233,1.027414,32.861
17.413525,1.027364,32.907
17.438176,1.026833,32.953
17.521474,1.025376,32.998
17.546741,1.008579,33.154
17.571876,1.000901,33.2
17.597131,0.989369,33.247
17.622035,0.978372,33.293
17.647417,0.965284,33.339
17.672062,0.953462,33.384
17.697366,0.940049,33.431
17.721715,0.927405,33.477
17.746774,0.9168,33.524
17.771936,0.905391,33.57
17.974615,0.853654,33.615
17.998968,0.846183,33.99
18.023331,0.844948,34.036
18.108507,0.84267,34.081
18.133484,0.839791,34.237
18.158794,0.839126,34.282
18.183905,0.836559,34.329
18.208632,0.837623,34.375
18.233212,0.837763,34.421
18.257666,0.842261,34.468
18.283143,0.843948,34.514
18.308239,0.849636,34.56
18.333508,0.85531,34.607
18.358481,0.86324,34.652
18.455273,0.912676,34.699
18.480181,0.925414,34.877
18.505684,0.940825,34.924
18.530909,0.955179,34.97
18.555489,0.97062,35.015
18.579738,0.983838,35.061
18.604417,0.998208,35.108
18.629669,1.009755,35.154
18.828474,1.024229,35.2
18.853612,1.113236,35.567
18.878866,1.120135,35.613
18.903978,1.123949,35.659
18.929408,1.123559,35.705
18.954227,1.120979,35.752
19.051763,1.084395,35.798
19.076604,1.067283,35.977
19.101523,1.049875,36.024
19.126133,1.032323,36.07
19.150478,1.01056,36.116
19.176229,0.989489,36.162
19.200866,0.965444,36.209
19.22632,0.946194,36.255
19.310571,0.92691,36.301
19.3356,0.874229,36.456
19.359862,0.863481,36.502
19.38451,0.853694,36.548
19.409843,0.845974,36.594
19.434597,0.840595,36.64
19.459835,0.836737,36.686
19.485362,0.833143,36.731
19.510074,0.83177,36.777
19.535262,0.832825,36.824
19.559622,0.832765,36.871
19.647006,0.853945,36.916
19.671257,0.858182,37.077
19.696082,0.869143,37.124
19.721059,0.875949,37.17
19.746782,0.885954,37.215
19.771482,0.89463,37.261
19.796997,0.902841,37.308
19.821947,0.911821,37.354
19.904905,0.918707,37.4
19.929821,0.941115,37.554
19.955424,0.947782,37.601
19.980564,0.956516,37.647
20.005568,0.963733,37.693
20.030898,0.970965,37.739
20.055438,0.977938,37.785
20.079942,0.983518,37.831
20.104938,0.99126,37.877
20.129347,0.995621,37.923
20.154689,1.000335,37.969
20.242,1.005384,38.015
20.267217,1.00069,38.177
20.292507,0.996496,38.223
20.317165,0.992707,38.27
20.342881,0.986475,38.316
20.367445,0.979238,38.361
20.392568,0.971636,38.408
20.416862,0.96111,38.454
20.500436,0.951019,38.499
20.526266,0.903785,38.655
20.551272,0.888417,38.701
20.576989,0.871071,38.747
20.601147,0.856484,38.793
20.626307,0.839095,38.84
20.650191,0.826237,38.885
20.675241,0.816946,38.93
20.700239,0.80847,38.977
20.725212,0.803644,39.023
20.750988,0.7971,39.069
20.952556,0.713979,39.115
20.97823,0.696944,39.49
21.003157,0.687065,39.536
21.087733,0.675258,39.582
21.112754,0.635617,39.737
21.137189,0.626679,39.783
21.162211,0.619191,39.829
21.186523,0.614696,39.876
21.212236,0.609406,39.922
21.237437,0.605207,39.968
21.262411,0.600301,40.014
21.287484,0.597505,40.06
21.312424,0.596378,40.106
21.337595,0.594811,40.152
21.434578,0.597344,40.199
21.459637,0.593604,40.377
21.483788,0.592989,40.424
21.508508,0.592759,40.469
21.533064,0.593184,40.516
21.558631,0.592138,40.561
21.58332,0.593705,40.608
21.608712,0.595887,40.654
21.807642,0.600532,40.7
21.832692,0.582802,41.067
21.858207,0.582752,41.113
21.88259,0.586297,41.16
21.907318,0.594511,41.206
21.931966,0.610777,41.252
22.029723,0.703321,41.298
22.054181,0.726359,41.477
22.079283,0.752367,41.524
22.104506,0.776337,41.57
22.129773,0.799419,41.616
22.155009,0.822284,41.662
22.180059,0.841224,41.708
22.205019,0.860851,41.755
22.287618,0.878257,41.8
22.312868,0.923281,41.955
22.338263,0.930088,42.001
22.362981,0.934642,42.047
22.388148,0.939407,42.092
22.413094,0.940864,42.139
22.437507,0.943206,42.184
22.462217,0.945529,42.23
22.486385,0.946885,42.276
22.512286,0.949572,42.323
22.537365,0.952937,42.369
22.62525,0.977971,42.415
22.650461,0.982665,42.577
22.675855,0.994447,42.624
22.700801,1.003091,42.669
22.725358,1.012201,42.715
22.750492,1.02065,42.76
22.774081,1.029074,42.806
22.799067,1.036512,42.852
22.883316,1.041096,42.897
22.908337,1.046957,43.052
22.933848,1.048919,43.099
22.958257,1.052668,43.144
22.98314,1.056067,43.191
23.007312,1.063799,43.237
23.032765,1.072493,43.283
23.057637,1.079359,43.329
23.083084,1.088033,43.375
23.108065,1.098019,43.421
23.133067,1.107999,43.467
23.221746,1.13879,43.513
23.246943,1.144291,43.677
23.272149,1.150133,43.724
23.297065,1.156066,43.769
23.321625,1.158154,43.816
23.345783,1.157709,43.862
23.370968,1.153192,43.908
23.396439,1.143646,43.954
23.480182,1.136824,44.0
23.50569,1.114153,44.155
23.530336,1.109913,44.201
23.554825,1.110013,44.247
23.579168,1.110554,44.293
23.604272,1.111961,44.338
23.629739,1.113378,44.385
23.654754,1.115559,44.431
23.680066,1.113077,44.477
23.704827,1.113752,44.522
23.72977,1.113622,44.569
23.932119,1.129362,44.614
23.957571,1.128981,44.99
23.982725,1.132,45.036
24.066109,1.133489,45.082
24.090915,1.143065,45.237
24.116004,1.143095,45.283
24.141146,1.140736,45.33
24.166156,1.139611,45.376
24.191475,1.136248,45.422
24.216749,1.129975,45.468
24.24125,1.121658,45.513
24.266356,1.112149,45.56
24.290468,1.100862,45.606
24.315612,1.087573,45.651
24.413409,1.039399,45.697
24.437833,1.022872,45.877
24.46285,1.012421,45.924
24.487729,0.998527,45.97
24.513262,0.985558,46.016
24.538413,0.970298,46.062
24.563753,0.955793,46.108
24.588143,0.941144,46.154
24.786867,0.924207,46.2
24.811086,0.803521,46.567
24.836239,0.790249,46.613
24.86119,0.77538,46.66
24.88609,0.762401,46.705
24.911591,0.750911,46.751
25.007992,0.717323,46.797
25.033787,0.713369,46.977
25.058714,0.715497,47.024
25.084129,0.720876,47.07
25.109177,0.728677,47.116
25.133971,0.739838,47.161
25.158455,0.750107,47.207
25.182633,0.761008,47.254
25.267502,0.774306,47.3
25.292489,0.811343,47.455
25.317817,0.823882,47.501
25.342931,0.835476,47.547
25.368148,0.84824,47.594
25.391928,0.859904,47.639
25.416771,0.871709,47.685
25.441609,0.884309,47.731
25.467015,0.894319,47.777
25.492213,0.904315,47.824
25.517372,0.912324,47.869
25.604704,0.927637,47.915
25.630129,0.921455,48.076
25.655088,0.919403,48.124
25.67981,0.913362,48.17
25.704564,0.907561,48.215
25.728911,0.902922,48.261
25.75369,0.897529,48.307
25.779209,0.892502,48.354
25.863521,0.886999,48.4
25.888181,0.864714,48.554
25.912816,0.855573,48.6
25.937286,0.846508,48.647
25.962183,0.835958,48.693
25.987615,0.82333,48.739
26.012774,0.813089,48.785
26.037694,0.800635,48.831
26.062638,0.791939,48.876
26.087602,0.784008,48.922
26.112244,0.778557,48.969
26.200683,0.770115,49.014
26.225107,0.764812,49.177
26.250237,0.763812,49.223
26.274707,0.759475,49.27
26.299337,0.756866,49.316
26.325178,0.752168,49.362
26.349775,0.749166,49.408
26.375291,0.744197,49.454
26.458868,0.741287,49.499
26.483021,0.738145,49.655
26.508474,0.737281,49.701
26.533277,0.7376,49.747
26.558559,0.73746,49.792
26.583853,0.739858,49.839
26.609137,0.742702,49.885
26.634251,0.74827,49.932
26.659099,0.753932,49.978
26.683611,0.75885,50.024
26.708012,0.764103,50.07
26.91138,0.769733,50.116
26.936078,0.764896,50.49
26.960607,0.761068,50.535
27.044517,0.757105,50.581
27.069388,0.743341,50.737
27.09469,0.739298,50.782
27.119549,0.738053,50.829
27.14497,0.734065,50.875
27.169131,0.732451,50.921
27.193841,0.729942,50.967
27.218683,0.726768,51.013
27.243977,0.72128,51.059
27.269021,0.716318,51.105
27.294411,0.71052,51.151
27.39148,0.694333,51.197
27.416505,0.684838,51.377
27.441749,0.679832,51.424
27.466673,0.672926,51.47
27.491893,0.667225,51.515
27.516214,0.661564,51.561
27.540582,0.655413,51.606
27.565263,0.650708,51.653
27.764136,0.644192,51.699
27.78938,0.61295,52.066
27.814558,0.613921,52.112
27.839681,0.618901,52.158
27.864024,0.624592,52.203
27.888903,0.631779,52.249
27.913629,0.644372,52.295
27.998202,0.706374,52.341
28.023579,0.726039,52.498
28.048208,0.748664,52.544
28.073762,0.773448,52.59
28.098558,0.795112,52.636
28.123823,0.818512,52.682
28.147986,0.840817,52.728
28.236876,0.860812,52.774
28.261643,0.932381,52.936
28.285487,0.951581,52.982
28.310425,0.970595,53.028
28.335566,0.987442,53.073
28.360579,1.004734,53.121
28.385887,1.019285,53.166
28.410794,1.034796,53.212
28.435723,1.050357,53.259
28.460165,1.062018,53.304
28.484542,1.075452,53.35
28.509527,1.087293,53.396
28.594523,1.114766,53.443
28.619857,1.114562,53.599
28.644512,1.119815,53.645
28.670284,1.125378,53.69
28.694877,1.132254,53.737
28.719573,1.140796,53.784
28.744324,1.151486,53.83
28.831827,1.166704,53.876
28.856706,1.219508,54.037
28.882082,1.234191,54.083
28.907461,1.248136,54.13
28.931988,1.25938,54.176
28.957828,1.270934,54.222
28.982547,1.27795,54.268
29.006767,1.285558,54.314
29.031209,1.292134,54.36
29.055965,1.297362,54.406
29.081472,1.299611,54.452
29.178731,1.316868,54.497
29.20375,1.317832,54.678
29.228695,1.32287,54.724
29.254161,1.328713,54.77
29.279025,1.334776,54.816
29.304628,1.341168,54.863
29.329582,1.347914,54.908
29.354617,1.356077,54.955
29.437131,1.362544,55.001
29.462675,1.379712,55.156
29.48769,1.383441,55.202
29.513005,1.389452,55.249
29.538207,1.396329,55.294
29.562829,1.405247,55.34
29.587825,1.413006,55.386
29.612268,1.421724,55.432
29.636396,1.43249,55.478
29.662239,1.442146,55.524
29.686813,1.452361,55.57
29.889708,1.558055,55.615
29.914001,1.568665,55.989
29.938899,1.57896,56.036
30.023515,1.588396,56.082
30.04874,1.604569,56.237
30.073804,1.60475,56.283
30.098141,1.606014,56.329
30.123037,1.605573,56.375
30.147461,1.605804,56.422
30.17273,1.604948,56.468
30.197817,1.602549,56.513
30.223193,1.600351,56.56
30.248318,1.597922,56.606
30.273735,1.595978,56.653
30.370199,1.586217,56.699
30.395283,1.580469,56.877
30.420698,1.57818,56.924
30.445256,1.576092,56.97
30.469475,1.573863,57.016
30.494277,1.573523,57.062
30.519736,1.57047,57.109
30.544911,1.567246,57.155
30.743355,1.564937,57.2
30.768607,1.542981,57.566
30.793644,1.541466,57.613
30.818711,1.537467,57.659
30.843292,1.532451,57.706
30.867395,1.524007,57.751
30.966494,1.46626,57.797
30.990699,1.443166,57.977
31.014866,1.428776,58.023
31.039868,1.413936,58.069
31.064699,1.400092,58.114
31.089847,1.386773,58.161
31.115363,1.375072,58.207
31.139968,1.364637,58.253
31.223106,1.350907,58.299
31.247849,1.295932,58.454
31.27342,1.278296,58.5
31.298737,1.259645,58.546
31.323548,1.242982,58.592
31.349081,1.224462,58.638
31.374108,1.20925,58.683
31.398867,1.191584,58.73
31.423291,1.17443,58.777
31.447944,1.157244,58.823
31.472992,1.140642,58.869
31.561227,1.092374,58.915
31.586521,1.075032,59.077
31.611254,1.06323,59.124
31.636645,1.049811,59.17
31.661398,1.037343,59.216
31.686194,1.022618,59.262
31.711488,1.007081,59.308
31.736384,0.992632,59.354
31.819738,0.977341,59.399
31.844491,0.935974,59.554
31.869416,0.924163,59.6
31.895042,0.916705,59.646
31.919669,0.904454,59.692
31.944717,0.893271,59.738
31.968596,0.880562,59.784
31.993336,0.864713,59.83
32.018434,0.849041,59.876
32.04374,0.830654,59.922
32.069489,0.814912,59.968
32.192845,0.735494,60.015
32.218306,0.728907,60.244
32.243358,0.727193,60.291
32.268859,0.722535,60.337
32.294173,0.716903,60.383
32.319029,0.71121,60.429
32.406121,0.704618,60.476
32.431587,0.688465,60.637
32.455963,0.684557,60.683
32.480938,0.682936,60.729
32.505114,0.676975,60.774
32.53045,0.674473,60.82
32.555349,0.671319,60.867
32.580331,0.66784,60.913
32.606044,0.664692,60.96
32.630912,0.659412,61.005
32.655775,0.654922,61.051
32.867662,0.595245,61.097
32.892698,0.584503,61.49
32.918138,0.577686,61.536
33.038315,0.571915,61.582
33.063667,0.540803,61.804
33.08858,0.535243,61.85
33.11291,0.53277,61.897
33.137716,0.52743,61.943
33.162587,0.522054,61.989
33.188066,0.516945,62.035
33.213148,0.511769,62.081
33.238504,0.506904,62.127
33.263425,0.50218,62.172
33.348808,0.498116,62.218
33.373621,0.494207,62.377
33.39817,0.49676,62.423
33.423041,0.498861,62.47
33.448381,0.499292,62.515
33.473057,0.503045,62.561
33.498401,0.507425,62.607
33.523176,0.51234,62.653
33.721958,0.516575,62.699
33.745785,0.575023,63.065
33.770602,0.586036,63.111
33.79547,0.595705,63.158
33.820311,0.609024,63.204
33.84572,0.622157,63.25
33.871244,0.636862,63.296
33.955754,0.687488,63.342
33.980426,0.698631,63.497
34.004717,0.712747,63.544
34.029762,0.729339,63.59
34.05476,0.746372,63.636
34.080296,0.763123,63.682
34.105655,0.780591,63.728
34.192935,0.795873,63.774
34.218452,0.856533,63.936
34.243254,0.871206,63.983
34.268383,0.888873,64.029
34.293366,0.90578,64.075
34.317814,0.919459,64.121
34.342574,0.934248,64.167
34.367695,0.947518,64.214
34.392978,0.962076,64.26
34.418375,0.973624,64.307
34.443516,0.985476,64.353
34.540308,1.017169,64.399
34.564995,1.01942,64.578
34.590704,1.023414,64.624
34.615544,1.026638,64.67
34.6406,1.029696,64.716
34.665986,1.030541,64.763
34.689993,1.032674,64.809
34.7146,1.032288,64.855
34.798683,1.031547,64.901
34.8242,1.010236,65.056
34.849191,1.003138,65.102
34.874442,0.993769,65.148
34.898299,0.983818,65.194
34.92276,0.973443,65.239
34.948296,0.962186,65.286
34.97349,0.953843,65.332
34.999006,0.941135,65.378
35.024258,0.929523,65.425
35.048918,0.918678,65.471
35.136198,0.8952,65.517
35.161285,0.887943,65.677
35.186348,0.88464,65.724
35.210482,0.88193,65.77
35.235546,0.879782,65.816
35.260236,0.878114,65.863
35.285615,0.877088,65.908
35.310267,0.8744,65.954
35.394478,0.872152,66.0
35.419595,0.864189,66.155
35.444263,0.859223,66.201
35.46885,0.8529,66.247
35.49374,0.846867,66.293
35.519307,0.839207,66.339
35.544313,0.83008,66.385
35.569188,0.823459,66.431
35.594221,0.814724,66.476
35.618305,0.808862,66.523
35.64303,0.802118,66.568
35.847087,0.773703,66.614
35.872489,0.769015,66.991
35.897491,0.771404,67.037
35.979969,0.772558,67.082
36.005435,0.776858,67.236
36.030111,0.775834,67.283
36.055236,0.775283,67.329
36.080683,0.776237,67.375
36.105628,0.774687,67.422
36.130476,0.775233,67.468
36.154633,0.772854,67.513
36.179873,0.770805,67.56
36.204967,0.768316,67.606
36.230038,0.761908,67.652
36.326927,0.740439,67.698
36.35229,0.729389,67.878
36.377342,0.723907,67.924
36.402586,0.718909,67.971
36.428221,0.717965,68.017
36.453377,0.716869,68.063
36.478245,0.716089,68.109
36.502701,0.71479,68.154
36.701222,0.712576,68.2
36.725694,0.663353,68.568
36.75105,0.654809,68.614
36.775952,0.648133,68.66
36.800934,0.640945,68.707
36.826601,0.635515,68.753
36.923063,0.626511,68.799
36.948057,0.627553,68.977
36.973117,0.633748,69.024
36.998787,0.643869,69.07
37.023443,0.657492,69.116
37.047835,0.673718,69.161
37.072387,0.694663,69.208
37.097366,0.71472,69.254
37.1817,0.738384,69.3
37.206667,0.820595,69.455
37.232337,0.843364,69.501
37.256471,0.86345,69.547
37.280947,0.88459,69.593
37.30586,0.90621,69.639
37.330839,0.927736,69.685
37.35591,0.951005,69.731
37.380682,0.975375,69.777
37.406126,0.998758,69.823
37.430909,1.023119,69.869
37.519921,1.088315,69.914
37.544877,1.09312,70.077
37.569883,1.096208,70.124
37.59472,1.098276,70.17
37.619107,1.096579,70.217
37.64414,1.098195,70.263
37.669242,1.099516,70.309
37.694874,1.100378,70.355
37.77938,1.101233,70.401
37.803837,1.105193,70.556
37.828581,1.107034,70.602
37.853157,1.107374,70.648
37.878001,1.111384,70.694
37.902515,1.115576,70.74
37.92872,1.120214,70.786
37.953537,1.125995,70.832
37.978013,1.132713,70.877
38.003334,1.136297,70.923
38.028578,1.136237,70.97
38.115889,1.137842,71.016
38.140291,1.13234,71.178
38.164975,1.134549,71.223
38.189711,1.137146,71.27
38.215374,1.140331,71.316
38.240718,1.146163,71.361
38.265148,1.152454,71.408
38.290315,1.162515,71.454
38.373108,1.169272,71.5
38.398409,1.177483,71.655
38.423492,1.178003,71.7
38.447733,1.177713,71.746
38.473077,1.180262,71.792
38.498425,1.181006,71.838
38.523988,1.18474,71.884
38.547307,1.187579,71.93
38.572759,1.1954,71.977
38.597664,1.203791,72.022
38.622152,1.215696,72.068
38.826251,1.331569,72.114
38.851718,1.344976,72.49
38.875571,1.361192,72.536
38.959528,1.374821,72.583
38.984991,1.404085,72.737
39.010289,1.407684,72.784
39.035864,1.409896,72.83
39.060516,1.410317,72.876
39.084162,1.408399,72.922
39.109302,1.408419,72.968
39.134519,1.405957,73.014
39.159329,1.406598,73.06
39.184312,1.405787,73.106
39.210313,1.407313,73.152
39.306763,1.416322,73.198
39.332042,1.416242,73.378
39.357435,1.422995,73.425
39.382533,1.431318,73.47
39.406924,1.442345,73.517
39.431254,1.455433,73.562
39.456552,1.470563,73.608
39.481285,1.483501,73.654
39.679948,1.499323,73.7
39.70555,1.589304,74.067
39.730121,1.596745,74.113
39.754939,1.603277,74.158
39.780775,1.607626,74.205
39.80507,1.613127,74.252
39.90298,1.627261,74.297
39.92862,1.626196,74.478
39.953314,1.625812,74.525
39.97797,1.624577,74.571
40.002604,1.621449,74.617
40.027817,1.618755,74.663
40.052154,1.614112,74.709
40.07822,1.607866,74.755
40.162258,1.601203,74.802
40.187014,1.570132,74.957
40.212439,1.558913,75.003
40.236331,1.546083,75.049
40.261052,1.534538,75.095
40.287364,1.522555,75.141
40.312235,1.511104,75.187
40.337226,1.500749,75.234
40.362147,1.490358,75.279
40.387506,1.48192,75.326
40.411556,1.473055,75.372
40.498982,1.451844,75.418
40.523108,1.44207,75.578
40.547365,1.437523,75.623
40.573688,1.43368,75.67
40.598406,1.429561,75.717
40.623734,1.426193,75.763
40.648801,1.419961,75.809
40.67423,1.416252,75.855
40.757019,1.411958,75.901
40.781833,1.39923,76.056
40.806485,1.394836,76.101
40.831637,1.391067,76.147
40.856977,1.387913,76.193
40.88224,1.383249,76.239
40.906305,1.380837,76.285
40.932271,1.377003,76.332
40.956063,1.377013,76.376
40.980615,1.378169,76.424
41.005663,1.378484,76.469
41.093435,1.384354,76.515
41.118445,1.378733,76.678
41.144288,1.377848,76.724
41.169194,1.374439,76.77
41.193624,1.372408,76.816
41.219744,1.369424,76.862
41.244108,1.366902,76.908
41.267761,1.363524,76.954
41.352445,1.358929,77.0
41.377182,1.348594,77.154
41.402383,1.345295,77.2
41.427785,1.342222,77.247
41.452222,1.337938,77.292
41.476667,1.33455,77.339
41.501984,1.331989,77.385
41.526237,1.32694,77.431
41.551323,1.320623,77.477
41.576951,1.311118,77.522
41.601731,1.303522,77.568
41.804324,1.244579,77.614
41.829722,1.234771,77.99
41.854881,1.227554,78.037
41.938335,1.222736,78.083
41.96381,1.207334,78.237
41.987778,1.206728,78.282
42.012142,1.210868,78.328
42.038082,1.21716,78.374
42.062711,1.227514,78.421
42.088116,1.238244,78.467
42.113234,1.250048,78.513
42.138912,1.262456,78.559
42.163295,1.274361,78.604
42.187613,1.286809,78.651
42.2859,1.327755,78.697
42.310476,1.3346,78.878
42.335366,1.34383,78.924
42.36041,1.354595,78.969
42.38426,1.361552,79.015
42.409462,1.371798,79.061
42.435132,1.37956,79.107
42.460019,1.390726,79.153
42.658129,1.400822,79.199
42.683961,1.531975,79.566
42.708444,1.555359,79.611
42.732555,1.576419,79.658
42.757626,1.601243,79.703
42.782697,1.620745,79.75
42.807722,1.644427,79.796
42.892632,1.707896,79.842
42.917569,1.725063,79.998
42.942651,1.746777,80.044
42.967442,1.763224,80.09
42.99141,1.779346,80.137
43.016658,1.788705,80.183
43.042432,1.795001,80.228
43.129152,1.79303,80.275
43.155126,1.746807,80.437
43.180189,1.727851,80.483
43.205302,1.705711,80.53
43.229997,1.685686,80.576
43.255579,1.660489,80.622
43.280312,1.636396,80.668
43.304496,1.612927,80.714
43.329997,1.588634,80.76
43.35503,1.566598,80.806
43.380032,1.543458,80.853
43.476621,1.470793,80.898
43.502291,1.45311,81.077
43.526797,1.43864,81.124
43.552337,1.423549,81.17
43.577716,1.412288,81.216
43.602868,1.398549,81.263
43.627074,1.388655,81.309
43.651992,1.378934,81.354
43.735676,1.368944,81.4
43.760747,1.346152,81.556
43.785926,1.342082,81.602
43.810713,1.342482,81.648
43.83568,1.345156,81.694
43.861216,1.354314,81.74
43.885158,1.363594,81.786
43.909795,1.376482,81.832
43.935653,1.389801,81.877
43.960102,1.402078,81.924
43.985715,1.415967,81.971
44.073264,1.455632,82.017
44.09789,1.459471,82.178
44.122757,1.461554,82.224
44.148378,1.46315,82.27
44.172707,1.467114,82.315
44.196472,1.468851,82.362
44.221904,1.472019,82.408
44.24696,1.474692,82.453
44.331282,1.480978,82.5
44.356415,1.495272,82.655
44.381117,1.499626,82.701
44.405489,1.500943,82.747
44.430453,1.503031,82.793
44.455293,1.504307,82.839
44.480407,1.500257,82.884
44.505873,1.496619,82.931
44.530818,1.490002,82.977
44.555562,1.483095,83.023
44.580664,1.477609,83.068
44.783208,1.442894,83.114
44.808509,1.43365,83.491
44.834011,1.428164,83.537
44.917707,1.420662,83.582
44.941952,1.377102,83.738
44.967361,1.366126,83.783
44.99176,1.349749,83.829
45.017365,1.335235,83.875
45.042697,1.319543,83.921
45.067396,1.301822,83.967
45.092501,1.283255,84.012
45.117957,1.264334,84.059
45.141894,1.247872,84.105
45.166693,1.229191,84.152
45.265295,1.171006,84.198
45.289947,1.151704,84.377
45.314542,1.139629,84.423
45.340043,1.126731,84.47
45.365272,1.114792,84.516
45.389924,1.102914,84.562
45.415253,1.090416,84.609
45.440792,1.081378,84.654
45.639279,1.071627,84.701
45.663678,1.032308,85.068
45.688645,1.027888,85.114
45.71266,1.026651,85.161
45.738012,1.024155,85.206
45.763732,1.023194,85.252
45.860501,1.033304,85.299
45.885215,1.033949,85.478
45.911366,1.03946,85.524
45.935907,1.045631,85.57
45.960901,1.053229,85.616
45.985845,1.057563,85.661
46.010613,1.063655,85.708
46.034647,1.065837,85.754
46.119026,1.067719,85.8
46.144532,1.070221,85.954
46.168915,1.076493,86.0
46.194678,1.084476,86.047
46.218946,1.095001,86.093
46.242665,1.108795,86.138
46.268258,1.119913,86.185
46.292965,1.135551,86.231
46.318355,1.153983,86.276
46.343314,1.175624,86.323
46.369119,1.199382,86.369
46.456161,1.310898,86.415
46.48202,1.342092,86.578
46.507287,1.373154,86.624
46.531801,1.403684,86.671
46.556926,1.42935,86.717
46.582028,1.452334,86.763
46.606196,1.470953,86.809
46.63119,1.48729,86.855
46.71522,1.500057,86.901
46.740749,1.531304,87.056
46.76587,1.539213,87.102
46.790461,1.542659,87.148
46.814249,1.547707,87.193
46.839881,1.550721,87.239
46.864898,1.550971,87.286
46.889374,1.55327,87.332
46.914472,1.553891,87.377
46.939693,1.556153,87.423
46.964725,1.554525,87.469
47.052962,1.545882,87.515
47.077956,1.534952,87.678
47.102286,1.532245,87.724
47.126685,1.526164,87.77
47.151948,1.520143,87.816
47.176731,1.513075,87.863
47.201963,1.505072,87.908
47.227657,1.497504,87.955
47.311533,1.486524,88.0
47.336512,1.454016,88.155
47.360312,1.446514,88.202
47.385564,1.439331,88.247
47.411011,1.432233,88.294
47.436155,1.426002,88.34
47.460938,1.419035,88.386
47.486205,1.411567,88.433
47.511572,1.407393,88.478
47.535264,1.403264,88.524
47.559575,1.401251,88.569
47.763762,1.403113,88.615
47.788499,1.403924,88.99
47.813102,1.409896,89.036
47.896383,1.415726,89.082
47.921669,1.433764,89.237
47.946867,1.436106,89.283
47.972268,1.439831,89.33
47.996533,1.442604,89.376
48.021646,1.44372,89.421
48.046371,1.445077,89.467
48.07097,1.44364,89.513
48.096133,1.444726,89.56
48.121439,1.446113,89.606
48.146602,1.448435,89.652
48.243141,1.462759,89.698
48.269184,1.465467,89.878
48.293948,1.472464,89.925
48.319,1.477054,89.971
48.343694,1.482555,90.016
48.369726,1.485602,90.063
48.393552,1.488816,90.109
48.418328,1.490147,90.155
48.616945,1.492469,90.201
48.641847,1.526414,90.568
48.667909,1.530969,90.614
48.6926,1.536809,90.66
48.717571,1.540628,90.706
48.742473,1.544917,90.753
48.83978,1.547959,90.799
48.865236,1.543137,90.978
48.889646,1.539072,91.024
48.915213,1.532074,91.07
48.939066,1.522675,91.116
48.963219,1.512905,91.162
48.989139,1.502119,91.209
49.014199,1.488921,91.254
49.097653,1.472374,91.3
49.123154,1.405515,91.454
49.147468,1.38553,91.5
49.17131,1.366106,91.547
49.197088,1.348534,91.593
49.221383,1.332111,91.638
49.246973,1.313126,91.684
49.272486,1.298193,91.73
49.297092,1.283126,91.776
49.322286,1.267798,91.822
49.346912,1.254839,91.869
49.436132,1.220595,91.915
49.460362,1.210867,92.078
49.485975,1.207404,92.125
49.509824,1.205879,92.171
49.534887,1.201965,92.217
49.560104,1.199321,92.263
49.585368,1.197397,92.309
49.610423,1.195932,92.355
49.69415,1.195399,92.401
49.718806,1.193559,92.555
49.742855,1.194613,92.602
49.768564,1.194928,92.648
49.793547,1.193804,92.694
49.818518,1.19312,92.74
49.844166,1.193904,92.786
49.869383,1.19322,92.832
49.893858,1.189196,92.879
49.918469,1.184158,92.925
49.943686,1.177311,92.97
50.031193,1.145862,93.016
50.056072,1.130003,93.178
50.080551,1.115904,93.224
50.105511,1.101777,93.27
50.131216,1.085942,93.317
50.156129,1.070401,93.362
50.180336,1.05469,93.408
50.205461,1.041246,93.454
50.288316,1.025465,93.5
50.313917,0.97659,93.655
50.339053,0.96655,93.701
50.364194,0.95667,93.747
50.38895,0.949653,93.793
50.414428,0.942586,93.839
50.438688,0.941065,93.884
50.463064,0.939998,93.931
50.488447,0.940474,93.976
50.513345,0.938682,94.022
50.537959,0.93645,94.068
50.741666,0.934322,94.114
50.767099,0.933737,94.491
50.791225,0.941275,94.537
50.875908,0.948517,94.583
50.901117,0.971254,94.738
50.925747,0.979257,94.783
50.951874,0.987641,94.829
50.975474,0.996495,94.876
50.999615,1.003603,94.922
51.025451,1.009704,94.968
51.050261,1.014465,95.014
51.075547,1.0205,95.06
51.100345,1.026862,95.107
51.125901,1.032722,95.152
51.221882,1.047461,95.199
51.247918,1.042897,95.378
51.272824,1.043428,95.424
51.297806,1.042082,95.47
51.32169,1.039408,95.516
51.346838,1.035325,95.563
51.372128,1.03087,95.609
51.396735,1.02478,95.654
51.596389,1.016781,95.701
51.621023,0.981014,96.068
51.646128,0.9779,96.114
51.671096,0.976159,96.16
51.696628,0.974187,96.207
51.720742,0.973051,96.253
51.818341,0.971504,96.298
51.843501,0.969012,96.477
51.867304,0.974017,96.523
51.891622,0.978021,96.569
51.916939,0.982895,96.615
51.941999,0.991059,96.66
51.967105,1.000929,96.706
51.992533,1.012366,96.753
52.07465,1.024619,96.799
52.099963,1.069495,96.953
52.125637,1.084194,96.999
52.15029,1.099033,97.046
52.176164,1.113404,97.091
52.201158,1.12677,97.138
52.225949,1.138644,97.184
52.250785,1.151463,97.231
52.275845,1.162464,97.277
52.299825,1.175906,97.322
52.324819,1.187077,97.368
52.414021,1.23136,97.414
52.438312,1.238887,97.577
52.463264,1.248936,97.624
52.488815,1.258652,97.67
52.513848,1.266703,97.716
52.539372,1.273046,97.763
52.565204,1.280201,97.809
52.590413,1.286254,97.856
52.673191,1.29215,97.902
52.69822,1.314171,98.057
52.72326,1.323366,98.103
52.747967,1.334764,98.149
52.773733,1.348827,98.195
52.798962,1.364739,98.241
52.823418,1.381486,98.287
52.848985,1.400025,98.333
52.872719,1.422422,98.38
52.897725,1.445157,98.426
52.922923,1.46851,98.471
53.009919,1.569051,98.518
53.034913,1.596334,98.678
53.060376,1.626919,98.724
53.085662,1.656144,98.771
53.110145,1.686066,98.817
53.135685,1.712527,98.863
53.1597,1.732248,98.909
53.184322,1.749435,98.955
53.268886,1.759975,99.001
53.293792,1.770651,99.155
53.318794,1.768289,99.201
53.343815,1.765135,99.247
53.367457,1.761917,99.293
53.39239,1.757055,99.339
53.417599,1.752969,99.385
53.442259,1.749624,99.431
53.467557,1.746826,99.476
53.492597,1.743143,99.522
53.517269,1.739579,99.567
53.720043,1.662646,99.613
53.74589,1.639977,99.991
53.771019,1.619942,100.036
53.854077,1.598872,100.083
53.879394,1.525692,100.237
53.903328,1.505486,100.283
53.92929,1.485086,100.329
53.954346,1.467617,100.375
53.979167,1.450846,100.422
54.004189,1.43552,100.468
54.029859,1.418652,100.514
54.054834,1.400729,100.56
54.07868,1.379989,100.606
54.10349,1.357771,100.652
54.202426,1.290161,100.698
54.225653,1.272354,100.878
54.250897,1.26068,100.924
54.27601,1.24996,100.971
54.301292,1.2424,101.016
54.326302,1.233608,101.063
54.352065,1.225487,101.108
54.37661,1.215532,101.155
54.575357,1.206431,101.201
54.60089,1.124711,101.568
54.625181,1.116917,101.614
54.649353,1.112553,101.66
54.674943,1.110811,101.706
54.700098,1.109749,101.753
54.796975,1.118989,101.799
54.822331,1.117714,101.979
54.847571,1.120887,102.025
54.871927,1.122452,102.071
54.897271,1.121871,102.117
54.922849,1.122432,102.163
54.948278,1.123867,102.21
54.972316,1.125736,102.256
55.055666,1.130763,102.301
55.081002,1.163648,102.456
55.106803,1.177182,102.503
55.131693,1.193109,102.549
55.156338,1.206803,102.595
55.182024,1.222919,102.641
55.20746,1.237851,102.688
55.231578,1.25248,102.733
55.25592,1.269193,102.78
55.281728,1.283695,102.826
55.306511,1.296315,102.872
55.392823,1.327785,102.919
55.418117,1.333277,103.078
55.442259,1.344524,103.123
55.467664,1.359254,103.169
55.49227,1.374955,103.214
55.516008,1.391722,103.26
55.540722,1.411787,103.307
55.565962,1.430516,103.352
55.650396,1.448406,103.399
55.675544,1.484466,103.553
55.700527,1.494711,103.599
55.723938,1.503425,103.645
55.749674,1.515538,103.691
55.774856,1.528446,103.737
55.799344,1.540528,103.784
55.824757,1.552166,103.829
55.850627,1.566572,103.876
55.875237,1.578857,103.922
55.899931,1.5934,103.968
55.989363,1.629249,104.014
56.013881,1.632502,104.178
56.039213,1.636596,104.225
56.06453,1.63738,104.27
56.088845,1.635542,104.316
56.11347,1.632377,104.363
56.13853,1.627589,104.409
56.163343,1.621499,104.455
56.247762,1.614382,104.501
56.272691,1.580566,104.656
56.297151,1.571601,104.702
56.321446,1.561675,104.748
56.346721,1.551706,104.794
56.371442,1.542438,104.84
56.396767,1.531794,104.886
56.42193,1.520778,104.931
56.446506,1.510062,104.977
56.471519,1.495012,105.023
56.495591,1.480688,105.068
56.699142,1.327314,105.114
56.724839,1.311011,105.491
56.750283,1.302107,105.537
56.832557,1.293846,105.583
56.858101,1.281911,105.738
56.883422,1.282312,105.784
56.908032,1.284711,105.83
56.933525,1.286004,105.877
56.959073,1.289992,105.922
56.983614,1.292791,105.968
57.008389,1.29506,106.015
57.032819,1.301816,106.06
57.057248,1.304979,106.106
57.082227,1.307498,106.152
57.180014,1.317134,106.199
57.204855,1.31406,106.378
57.229419,1.314965,106.425
57.255289,1.317154,106.47
57.280253,1.318489,106.516
57.305097,1.320157,106.562
57.330084,1.320788,106.608
57.355535,1.320677,106.655
57.552843,1.322576,106.701
57.578555,1.323466,107.068
57.603254,1.319804,107.114
57.627898,1.31602,107.16
57.652947,1.312406,107.206
57.678521,1.307939,107.252
57.775924,1.291715,107.297
57.800684,1.284659,107.478
57.826454,1.282665,107.525
57.851187,1.280336,107.571
57.876174,1.278629,107.617
57.901587,1.277224,107.664
57.926424,1.276843,107.709
57.950485,1.275363,107.756
58.034814,1.274169,107.801
58.060385,1.266113,107.957
58.084791,1.261636,108.003
58.110865,1.258693,108.049
58.135026,1.254339,108.094
58.159348,1.251166,108.141
58.184461,1.250142,108.187
58.20984,1.250462,108.234
58.234684,1.25228,108.279
58.259582,1.254559,108.326
58.285015,1.260006,108.371
58.37153,1.284748,108.418
58.397408,1.288998,108.578
58.421857,1.294084,108.624
58.445583,1.298862,108.67
58.470996,1.303459,108.716
58.495979,1.308543,108.761
58.520931,1.316428,108.808
58.545899,1.32359,108.854
58.630125,1.332581,108.9
58.654312,1.36082,109.055
58.679595,1.368372,109.101
58.703967,1.37572,109.147
58.728511,1.382506,109.192
58.754201,1.390375,109.239
58.779564,1.399103,109.285
58.804485,1.408813,109.331
58.82953,1.419044,109.377
58.854685,1.430375,109.423
58.879007,1.441378,109.469
58.968162,1.466723,109.516
58.992085,1.466252,109.678
59.016222,1.468604,109.724
59.042315,1.466312,109.77
59.067175,1.462599,109.816
59.092296,1.453324,109.863
59.117386,1.444015,109.909
59.143003,1.431997,109.955
59.226457,1.422192,110.002
59.25149,1.38005,110.156
59.275977,1.366892,110.203
59.300552,1.351121,110.249
59.325819,1.335015,110.295
59.351782,1.318579,110.341
59.376261,1.302891,110.387
59.401225,1.289098,110.433
59.4263,1.275498,110.479
59.449934,1.26126,110.524
59.475309,1.248736,110.57
59.678532,1.146365,110.616
59.703096,1.130304,110.991
59.726819,1.117613,111.037
59.811533,1.105851,111.083
59.836715,1.062973,111.237
59.862589,1.048999,111.284
59.887468,1.034154,111.329
59.911837,1.018843,111.376
59.936631,1.004418,111.423
59.961437,0.990809,111.469
59.985847,0.979538,111.514
60.011794,0.968702,111.56
60.036777,0.958617,111.606
60.061468,0.950364,111.652
60.158187,0.944059,111.698
60.183562,0.939273,111.878
60.209036,0.938842,111.924
60.233796,0.938982,111.971
60.258675,0.940139,112.017
60.284058,0.942691,112.063
60.30788,0.945054,112.109
60.333336,0.950684,112.155
60.532456,0.95578,112.202
60.556832,1.020546,112.569
60.582533,1.026587,112.615
60.607347,1.03428,112.661
60.632326,1.040701,112.707
60.657712,1.047949,112.754
60.75465,1.079285,112.8
60.779817,1.085667,112.978
60.804328,1.094576,113.025
60.828676,1.100957,113.071
60.854389,1.107934,113.117
60.878308,1.114809,113.162
60.904166,1.120841,113.209
60.929138,1.125602,113.255
61.013214,1.131642,113.301
61.039338,1.153177,113.457
61.063475,1.15914,113.503
61.087336,1.165252,113.549
61.113091,1.172139,113.595
61.137421,1.180801,113.641
61.16288,1.188851,113.687
61.188055,1.196128,113.733
61.214036,1.206528,113.779
61.238408,1.216164,113.826
61.263283,1.227651,113.872
61.350437,1.263025,113.917
61.374171,1.266147,114.078
61.39973,1.270735,114.124
61.423956,1.274103,114.171
61.449673,1.275413,114.217
61.475358,1.27195,114.264
61.500779,1.268346,114.31
61.524928,1.26,114.355
61.609346,1.25129,114.402
61.632946,1.21914,114.556
61.657917,1.209097,114.602
61.683784,1.199771,114.648
61.708494,1.190699,114.694
61.733296,1.183028,114.74
61.759327,1.175287,114.787
61.783934,1.17017,114.832
61.807952,1.165612,114.879
61.832912,1.162187,114.925
61.858244,1.160684,114.971
61.945179,1.168334,115.017
61.970538,1.170588,115.178
61.995063,1.17792,115.224
62.020473,1.183607,115.271
62.046262,1.188195,115.317
62.071541,1.192204,115.363
62.095882,1.197795,115.409
62.120627,1.20213,115.454
62.203834,1.207006,115.501
62.229801,1.226858,115.655
62.254983,1.2327,115.702
62.279428,1.24054,115.748
62.304184,1.246613,115.794
62.330131,1.253489,115.84
62.354123,1.263215,115.886
62.377957,1.273284,115.932
62.403612,1.285099,115.977
62.428199,1.296533,116.023
62.453374,1.310173,116.069
62.656279,1.434964,116.115
62.681484,1.443453,116.491
62.70611,1.456451,116.538
62.791288,1.467743,116.584
62.815691,1.501642,116.738
62.840881,1.512127,116.784
62.865926,1.521767,116.831
62.889306,1.528884,116.876
62.914904,1.535256,116.923
62.940513,1.543125,116.968
62.965872,1.550542,117.015
62.990225,1.563253,117.061
63.015814,1.576342,117.108
63.041446,1.593033,117.153
63.137313,1.649181,117.2
63.162615,1.653999,117.378
63.187655,1.66018,117.424
63.212192,1.662569,117.47
63.236641,1.66211,117.517
63.262019,1.658467,117.562
63.287494,1.653659,117.609
63.311977,1.645217,117.654
63.510794,1.635857,117.701
63.536234,1.587495,118.068
63.561009,1.585846,118.114
63.585773,1.587365,118.16
63.610829,1.587956,118.206
63.634463,1.58876,118.252
63.733246,1.586171,118.298
63.757871,1.581068,118.478
63.781843,1.579873,118.524
63.806957,1.578719,118.57
63.832808,1.57811,118.616
63.857783,1.577799,118.662
63.882005,1.580034,118.708
63.908014,1.582034,118.754
63.99028,1.585266,118.8
64.01592,1.614083,118.954
64.04111,1.630386,119.0
64.06564,1.648971,119.047
64.091045,1.669207,119.093
64.116327,1.692055,119.139
64.141633,1.715684,119.185
64.164975,1.739193,119.231
64.190042,1.762101,119.277
64.214668,1.78101,119.323
64.239681,1.80138,119.369
64.328925,1.862067,119.415
64.353251,1.875341,119.578
64.378237,1.891227,119.624
64.403869,1.907874,119.669
64.428671,1.925337,119.715
64.45302,1.941513,119.761
64.477596,1.95845,119.807
64.501891,1.974433,119.853
64.586094,1.989411,119.898
64.611603,2.028318,120.054
64.635944,2.035694,120.099
64.661008,2.041476,120.146
64.686179,2.045704,120.191
64.709905,2.048214,120.238
64.735844,2.049787,120.284
64.760554,2.052116,120.329
64.785495,2.052431,120.376
64.81062,2.051306,120.422
64.836575,2.051516,120.468
64.924343,2.050723,120.514
64.949222,2.045524,120.678
64.975169,2.04264,120.725
64.999925,2.039782,120.77
65.024804,2.035684,120.817
65.049368,2.030376,120.863
65.073586,2.025899,120.908
65.098865,2.020861,120.955
65.183606,2.015953,121.001
65.20817,1.994533,121.156
65.233348,1.986742,121.202
65.25835,1.978731,121.248
65.282323,1.968974,121.294
65.307025,1.962068,121.34
65.332257,1.953835,121.385
65.357159,1.946818,121.43
65.381892,1.936653,121.476
65.407171,1.925717,121.522
65.431343,1.913625,121.568
65.635062,1.781604,121.614
65.660418,1.76194,121.991
65.685781,1.747462,122.036
65.768247,1.733409,122.083
65.793749,1.695003,122.237
65.818082,1.685027,122.283
65.843461,1.677066,122.328
65.868578,1.67008,122.375
65.893534,1.664208,122.42
65.918805,1.662893,122.466
65.944053,1.665362,122.513
65.968586,1.670719,122.559
65.992381,1.675752,122.605
66.018206,1.681434,122.652
66.043046,1.685388,122.697
66.128133,1.697373,122.744
66.153496,1.690126,122.9
66.177814,1.684797,122.946
66.203185,1.677007,122.992
66.227441,1.669545,123.039
66.252205,1.660315,123.085
66.276977,1.651848,123.13
66.479505,1.64218,123.177
66.504077,1.595616,123.549
66.528587,1.592173,123.595
66.554311,1.587956,123.641
66.579205,1.584461,123.687
66.604092,1.580608,123.733
66.629133,1.577649,123.778
66.712429,1.568168,123.825
66.737684,1.563915,123.981
66.762978,1.56329,124.026
66.787419,1.563645,124.073
66.812759,1.564125,124.119
66.838315,1.564066,124.165
66.863893,1.563925,124.211
66.959997,1.561927,124.257
66.985514,1.571651,124.437
67.010347,1.574325,124.483
67.034312,1.578509,124.529
67.059506,1.582496,124.575
67.084738,1.583117,124.621
67.109049,1.581047,124.667
67.134543,1.576684,124.714
67.159867,1.572226,124.76
67.185038,1.567849,124.806
67.209963,1.5655,124.852
67.308043,1.554791,124.898
67.332952,1.548936,125.079
67.357516,1.544748,125.125
67.383172,1.540615,125.171
67.408481,1.538924,125.218
67.432545,1.535971,125.264
67.457002,1.532152,125.31
67.482649,1.529219,125.356
67.567229,1.528463,125.402
67.59293,1.525506,125.557
67.617717,1.525195,125.603
67.641866,1.523518,125.649
67.667137,1.524389,125.695
67.692023,1.527507,125.741
67.716618,1.526742,125.788
67.741712,1.528723,125.834
67.767198,1.531891,125.88
67.791616,1.53561,125.926
67.817002,1.540906,125.972
67.940583,1.538034,126.018
67.965516,1.553385,126.246
67.990572,1.566905,126.292
68.016227,1.57767,126.339
68.04043,1.58683,126.385
68.064909,1.595808,126.431
68.15174,1.603648,126.477
68.176058,1.627287,126.637
68.20189,1.635035,126.683
68.226738,1.643156,126.729
68.252201,1.65108,126.775
68.27665,1.659081,126.821
68.302197,1.670745,126.867
68.326923,1.680992,126.913
68.350503,1.6934,126.958
68.376158,1.705344,127.004
68.400215,1.716085,127.05
68.425402,1.727509,127.096
68.624641,1.792728,127.141
68.649344,1.79059,127.51
68.675037,1.792718,127.556
68.795291,1.792818,127.602
68.819463,1.787773,127.824
68.844949,1.784839,127.87
68.870051,1.781431,127.917
68.895091,1.777257,127.963
68.920377,1.773188,128.009
68.945502,1.769989,128.055
68.970205,1.766731,128.101
68.994953,1.763092,128.147
69.019963,1.76038,128.193
69.103267,1.768283,128.239
69.128868,1.770625,128.394
69.153932,1.778153,128.44
69.178557,1.784929,128.485
69.204158,1.791736,128.532
69.229153,1.795444,128.578
69.253578,1.799324,128.624
69.45835,1.80093,128.67
69.483367,1.85998,129.049
69.508339,1.866813,129.096
69.533494,1.870806,129.142
69.558819,1.875451,129.188
69.58346,1.880826,129.234
69.607709,1.884485,129.279
69.692211,1.900311,129.326
69.717259,1.902644,129.482
69.742776,1.910541,129.528
69.768216,1.919661,129.574
69.792657,1.932228,129.62
69.817682,1.942008,129.666
69.842669,1.953429,129.712
69.939434,1.963925,129.759
69.96426,2.004772,129.938
69.989315,2.010919,129.984
70.014133,2.013133,130.03
70.038943,2.016466,130.077
70.064552,2.018427,130.123
70.090068,2.023385,130.168
70.114248,2.028826,130.214
70.139773,2.032928,130.261
70.164813,2.037127,130.306
70.189369,2.041885,130.353
70.286919,2.060246,130.399
70.312858,2.057987,130.578
70.336892,2.059782,130.625
70.36088,2.058287,130.672
70.386335,2.056457,130.718
70.411052,2.052315,130.764
70.436308,2.046873,130.81
70.461617,2.040721,130.856
70.546135,2.03273,130.902
70.570745,2.009131,131.057
70.595394,2.002738,131.103
70.620127,1.995912,131.15
70.645529,1.990518,131.196
70.671099,1.98569,131.242
70.695701,1.986406,131.288
70.721118,1.989214,131.334
70.746043,1.993683,131.38
70.77166,1.998161,131.427
70.795525,2.001218,131.473
70.88287,2.003239,131.519
70.906597,1.995562,131.679
70.931092,1.98987,131.725
70.956947,1.983727,131.771
70.98178,1.97766,131.817
71.006851,1.971628,131.863
71.031653,1.965292,131.909
71.057807,1.958545,131.954
71.140351,1.95323,132.001
71.165499,1.932048,132.156
71.190539,1.926358,132.202
71.215203,1.921763,132.248
71.241112,1.918295,132.293
71.265852,1.916678,132.34
71.290416,1.914325,132.386
71.314888,1.9136,132.431
71.339368,1.912003,132.477
71.364416,1.912154,132.523
71.389479,1.911758,132.569
71.593413,1.891382,132.615
71.617217,1.883644,132.99
71.641873,1.878204,133.036
71.726214,1.872194,133.082
71.751201,1.84999,133.237
71.776564,1.844469,133.282
71.800429,1.838188,133.328
71.824816,1.831651,133.373
71.849734,1.823994,133.419
71.875012,1.817562,133.464
71.899653,1.813959,133.511
71.92424,1.810745,133.557
71.949972,1.808243,133.603
71.973476,1.803999,133.648
71.998992,1.802792,133.694
72.083349,1.808502,133.741
72.108197,1.810865,133.896
72.134075,1.817893,133.943
72.158793,1.826356,133.989
72.183326,1.835234,134.034
72.208866,1.847076,134.081
72.232761,1.858848,134.127
72.43678,1.871257,134.173
72.462205,1.961142,134.549
72.487268,1.973486,134.595
72.510641,1.986216,134.64
72.535835,2.000309,134.686
72.560591,2.014068,134.732
72.584902,2.028356,134.777
72.670065,2.075928,134.822
72.694522,2.087282,134.978
72.718809,2.102106,135.025
72.743811,2.116519,135.071
72.769382,2.131207,135.117
72.794146,2.147649,135.164
72.819877,2.16368,135.209
72.844972,2.177914,135.256
72.927623,2.193913,135.302
72.95277,2.243768,135.456
72.977227,2.256906,135.502
73.002575,2.269318,135.548
73.027638,2.282467,135.593
73.053193,2.293934,135.64
73.07765,2.302568,135.686
73.103443,2.311918,135.733
73.128845,2.31992,135.779
73.152102,2.329635,135.825
73.177135,2.341447,135.871
73.265034,2.388634,135.917
73.289559,2.400898,136.079
73.315092,2.416486,136.125
73.339494,2.433273,136.171
73.364919,2.450336,136.216
73.390236,2.468153,136.263
73.415983,2.486128,136.309
73.44017,2.506542,136.356
73.523659,2.529438,136.402
73.547862,2.624272,136.555
73.573394,2.657205,136.602
73.598857,2.690588,136.648
73.623482,2.724464,136.694
73.648554,2.756681,136.74
73.67321,2.786761,136.786
73.698027,2.818117,136.832
73.722776,2.848286,136.878
73.748,2.877717,136.924
73.773302,2.905553,136.97
73.860479,3.007683,137.016
73.886303,3.033371,137.179
73.911166,3.059876,137.225
73.936068,3.086648,137.272
73.96137,3.115027,137.317
73.986203,3.143175,137.364
74.010337,3.173366,137.41
74.035293,3.204692,137.455
74.119204,3.238561,137.502
74.144167,3.359097,137.655
74.169768,3.399507,137.701
74.193864,3.442951,137.748
74.218574,3.488494,137.793
74.243522,3.538204,137.839
74.268209,3.590998,137.886
74.293034,3.645728,137.931
74.318543,3.702107,137.976
74.343007,3.760195,138.022
74.367272,3.817483,138.067
74.571398,4.230814,138.113
74.597191,4.271554,138.491
74.621394,4.316788,138.537
74.706512,4.36257,138.583
74.730123,4.522141,138.738
74.755594,4.570993,138.785
74.780511,4.616936,138.831
74.805183,4.660355,138.877
74.830745,4.702131,138.922
74.855878,4.7414,138.969
74.881218,4.775898,139.015
74.905229,4.805994,139.06
74.930592,4.831749,139.107
74.955294,4.853977,139.152
75.053535,4.938427,139.199
75.07889,4.960057,139.379
75.104092,4.986649,139.425
75.127772,5.012348,139.472
75.152782,5.041514,139.518
75.178768,5.073308,139.564
75.2036,5.106917,139.61
75.228449,5.140766,139.656
75.427865,5.17367,139.701
75.453005,5.39806,140.069
75.477792,5.418879,140.116
75.502425,5.441113,140.162
75.527389,5.459499,140.208
75.551369,5.480854,140.254
75.649064,5.564394,140.301
75.673851,5.585673,140.479
75.698699,5.610304,140.525
75.723924,5.6358,140.572
75.749157,5.660811,140.617
75.774881,5.6856,140.664
75.799506,5.71485,140.71
75.824516,5.744665,140.756
75.907236,5.776813,140.801
75.933122,5.893067,140.957
75.958392,5.928675,141.003
75.98321,5.965616,141.05
76.008043,6.00129,141.096
76.033483,6.038047,141.142
76.058746,6.074878,141.188
76.082357,6.110979,141.234
76.108066,6.150089,141.28
76.131962,6.186936,141.326
76.157202,6.224805,141.372
76.244955,6.352453,141.418
76.269611,6.385797,141.579
76.294936,6.424857,141.625
76.32046,6.464637,141.671
76.345631,6.505227,141.717
76.369027,6.545568,141.763
76.394436,6.584713,141.809
76.418462,6.623938,141.855
76.503011,6.665073,141.901
76.528728,6.815501,142.056
76.55333,6.864523,142.102
76.578755,6.916788,142.148
76.603534,6.966218,142.194
76.627368,7.017169,142.24
76.652654,7.070268,142.286
76.677234,7.121701,142.331
76.702466,7.174862,142.378
76.72713,7.230123,142.424
76.752885,7.286477,142.469
76.840269,7.505812,142.515
76.86564,7.569978,142.679
76.891264,7.640793,142.724
76.915098,7.713444,142.771
76.940092,7.786801,142.817
76.965079,7.85981,142.862
76.989812,7.931237,142.909
77.014906,7.998889,142.955
77.099916,8.064571,143.001
77.123742,8.277873,143.155
77.148591,8.337363,143.202
77.173669,8.398584,143.248
77.197941,8.460927,143.294
77.223512,8.527895,143.34
77.248675,8.595892,143.386
77.273362,8.663065,143.431
77.298118,8.728397,143.476
77.322982,8.79202,143.522
77.347047,8.852965,143.568
77.551119,9.303746,143.614
