Current,Voltage,Time
-0.016025,0.800874,0.352
-0.015932,0.810319,0.398
-0.015963,0.838493,0.576
-0.016736,0.847679,0.622
-0.015711,0.85297,0.668
-0.016147,0.857607,0.714
-0.000234,0.862485,0.76
0.023733,0.868956,0.806
0.048888,0.874098,0.851
0.07452,0.87972,0.897
0.099721,0.88806,0.943
0.12526,0.894399,0.99
0.148247,0.90025,1.035
0.235423,0.913406,1.081
0.259884,0.912816,1.24
0.284428,0.914543,1.286
0.310838,0.91744,1.333
0.33569,0.919498,1.379
0.360905,0.922766,1.425
0.386096,0.925187,1.472
0.586109,0.927049,1.518
0.611542,0.932709,1.888
0.636819,0.932729,1.934
0.661414,0.93304,1.981
0.686108,0.931884,2.027
0.710882,0.931874,2.073
0.735806,0.932474,2.119
0.830279,0.930738,2.165
0.85565,0.9273,2.34
0.881222,0.923932,2.386
0.905806,0.923391,2.432
0.931173,0.922125,2.478
0.955615,0.920969,2.524
0.980422,0.918927,2.571
1.066083,0.915238,2.617
1.090741,0.909759,2.776
1.116131,0.907306,2.821
1.141113,0.904434,2.867
1.166584,0.901486,2.913
1.191327,0.897827,2.959
1.215985,0.895565,3.004
1.240258,0.893454,3.051
1.265008,0.892743,3.097
1.289855,0.891486,3.142
1.314779,0.890126,3.189
1.340539,0.888639,3.235
1.426309,0.886292,3.282
1.45193,0.884717,3.44
1.476637,0.883843,3.486
1.501438,0.885971,3.532
1.525592,0.885047,3.578
1.550374,0.884937,3.624
1.57565,0.884577,3.67
1.661981,0.885286,3.715
1.687661,0.89043,3.876
1.712447,0.893324,3.922
1.737835,0.894974,3.969
1.762956,0.896971,4.015
1.787527,0.900139,4.061
1.812575,0.901166,4.106
1.836554,0.902331,4.153
1.862213,0.903708,4.199
1.887214,0.90588,4.246
1.912742,0.907186,4.292
1.937838,0.910059,4.339
2.022993,0.91769,4.385
2.047425,0.914823,4.541
2.072081,0.91755,4.586
2.096899,0.918131,4.633
2.12194,0.919953,4.679
2.147265,0.921819,4.725
2.17253,0.923831,4.771
2.258042,0.926233,4.818
2.283718,0.933896,4.976
2.308453,0.935372,5.022
2.333853,0.936758,5.069
2.357886,0.938274,5.114
2.382714,0.939351,5.161
2.407843,0.941012,5.207
2.433211,0.942319,5.254
2.458183,0.943795,5.3
2.483295,0.944991,5.345
2.508373,0.945707,5.391
2.533386,0.947804,5.438
2.732557,0.955016,5.484
2.757598,0.949566,5.852
2.853895,0.949756,5.899
2.879194,0.947664,6.075
2.903092,0.948139,6.122
2.928092,0.94827,6.168
2.952959,0.949155,6.213
2.978297,0.950156,6.26
3.003034,0.951113,6.306
3.028658,0.952158,6.352
3.053432,0.952098,6.398
3.078302,0.952954,6.444
3.102769,0.952914,6.49
3.127837,0.956833,6.537
3.213433,0.966777,6.583
3.238108,0.967568,6.74
3.26351,0.971791,6.786
3.288267,0.974745,6.832
3.313212,0.976906,6.878
3.337967,0.980034,6.924
3.3623,0.983603,6.97
3.564996,0.984868,7.017
3.589253,1.005378,7.388
3.613751,1.009542,7.434
3.638373,1.012545,7.48
3.663842,1.015533,7.526
3.688952,1.018951,7.572
3.714128,1.021573,7.619
3.809054,1.034099,7.665
3.833826,1.033254,7.84
3.859514,1.035937,7.886
3.884141,1.037143,7.931
3.90841,1.041787,7.979
3.933265,1.043979,8.024
3.95851,1.046997,8.07
4.044675,1.05033,8.117
4.069946,1.062295,8.276
4.095281,1.065944,8.322
4.119901,1.069903,8.368
4.145436,1.073451,8.414
4.169502,1.081944,8.46
4.194215,1.081954,8.505
4.219458,1.089726,8.552
4.244472,1.097273,8.599
4.269295,1.107644,8.644
4.294875,1.114001,8.691
4.319735,1.119029,8.736
4.404743,1.13537,8.783
4.429388,1.138488,8.939
4.454236,1.144191,8.986
4.478865,1.150987,9.032
4.504338,1.157592,9.079
4.529677,1.164789,9.124
4.555331,1.17344,9.171
4.64099,1.179965,9.217
4.666148,1.203507,9.376
4.691087,1.212378,9.422
4.715409,1.219124,9.468
4.739658,1.225655,9.514
4.764849,1.232851,9.56
4.790308,1.239508,9.606
4.815369,1.247018,9.653
4.840114,1.252675,9.699
4.865647,1.259011,9.745
4.890746,1.265612,9.791
4.915702,1.273803,9.837
4.999389,1.299953,9.883
5.024857,1.302632,10.04
5.049976,1.307809,10.086
5.075003,1.312801,10.132
5.100225,1.318261,10.178
5.125337,1.322565,10.224
5.150166,1.32763,10.27
5.236604,1.33295,10.316
5.261183,1.350371,10.476
5.285565,1.352348,10.522
5.310678,1.356176,10.568
5.335876,1.358783,10.613
5.361061,1.361116,10.66
5.386429,1.363113,10.706
5.411014,1.366501,10.752
5.43641,1.367997,10.799
5.461051,1.369349,10.845
5.485549,1.372322,10.891
5.510488,1.373307,10.937
5.710064,1.398821,10.983
5.73555,1.396264,11.352
5.831362,1.398436,11.398
5.857039,1.404246,11.576
5.881776,1.404056,11.622
5.907323,1.406298,11.668
5.932112,1.409606,11.714
5.95783,1.410672,11.761
5.983155,1.413545,11.807
6.008324,1.415656,11.854
6.033215,1.418844,11.901
6.057246,1.422293,11.947
6.082318,1.425832,11.993
6.107528,1.431422,12.039
6.192176,1.446531,12.085
6.217318,1.449184,12.241
6.242556,1.453427,12.287
6.266706,1.459148,12.333
6.291223,1.464638,12.379
6.316545,1.470759,12.425
6.341674,1.475834,12.471
6.542218,1.479242,12.517
6.567122,1.522062,12.888
6.592267,1.526213,12.934
6.617825,1.532115,12.98
6.642654,1.536942,13.026
6.667825,1.541092,13.073
6.69275,1.545396,13.119
6.787478,1.564115,13.164
6.812248,1.566263,13.34
6.836514,1.574354,13.386
6.861607,1.580245,13.432
6.886448,1.585732,13.478
6.9117,1.59055,13.522
6.936823,1.597566,13.57
7.023584,1.605147,13.615
7.04861,1.626756,13.776
7.0742,1.633061,13.822
7.098775,1.640152,13.869
7.123622,1.645169,13.915
7.148399,1.649947,13.962
7.173407,1.655558,14.008
7.198615,1.659261,14.054
7.223613,1.664923,14.1
7.248927,1.669416,14.146
7.273589,1.673834,14.191
7.298591,1.678891,14.237
7.382354,1.700775,14.284
7.407208,1.701879,14.44
7.432599,1.706785,14.486
7.457403,1.713861,14.532
7.483359,1.717504,14.578
7.508408,1.722081,14.624
7.533314,1.727384,14.669
7.620023,1.732945,14.717
7.644528,1.750176,14.876
7.668821,1.754429,14.922
7.694244,1.759254,14.968
7.719137,1.764118,15.013
7.744568,1.768763,15.06
7.769628,1.772691,15.106
7.795009,1.776766,15.152
7.819134,1.779358,15.198
7.843701,1.783357,15.244
7.868722,1.783811,15.29
7.893919,1.78762,15.337
7.979151,1.800918,15.383
8.004153,1.800257,15.54
8.029264,1.80309,15.586
8.054784,1.807083,15.632
8.079773,1.810347,15.679
8.103783,1.812589,15.724
8.128085,1.81421,15.77
8.214604,1.815957,15.816
8.240122,1.820421,15.976
8.265404,1.820551,16.022
8.290533,1.823609,16.068
8.315957,1.825606,16.115
8.340891,1.828129,16.161
8.366318,1.829274,16.207
8.390632,1.830581,16.254
8.415613,1.831035,16.3
8.439988,1.833248,16.346
8.46553,1.834193,16.391
8.490809,1.832582,16.438
8.689538,1.846235,16.484
8.715131,1.843457,16.852
8.810861,1.846084,16.898
8.836286,1.851014,17.076
8.861271,1.852661,17.122
8.886124,1.852661,17.169
8.911518,1.853427,17.215
8.935654,1.854118,17.26
8.960862,1.856019,17.307
8.985433,1.855929,17.353
9.010967,1.857085,17.399
9.035942,1.859137,17.445
9.060706,1.859017,17.491
9.086026,1.858802,17.536
9.170458,1.852782,17.583
9.195545,1.848827,17.74
9.220221,1.846555,17.787
9.245699,1.846224,17.832
9.270882,1.845499,17.879
9.295533,1.843813,17.924
9.320927,1.843196,17.971
9.521566,1.842301,18.016
9.547223,1.836936,18.388
9.572084,1.834233,18.434
9.597717,1.832102,18.481
9.622021,1.831776,18.526
9.646156,1.831696,18.572
9.67114,1.829084,18.619
9.765761,1.822318,18.665
9.791159,1.815857,18.84
9.816244,1.812369,18.886
9.841677,1.809916,18.932
9.866734,1.807663,18.979
9.891804,1.805822,19.024
9.916425,1.804597,19.071
10.002299,1.801603,19.117
10.027257,1.795452,19.276
10.051865,1.791128,19.322
10.076806,1.785789,19.368
10.102095,1.78226,19.414
10.127142,1.777446,19.46
10.15207,1.773517,19.506
10.176998,1.768713,19.551
10.201505,1.762512,19.597
10.225887,1.756346,19.644
10.251295,1.750115,19.689
10.276267,1.74336,19.736
10.361624,1.722101,19.782
10.387401,1.714205,19.94
10.412635,1.70772,19.986
10.437795,1.702197,20.033
10.462701,1.695877,20.079
10.487555,1.691099,20.125
10.512039,1.686071,20.171
10.59743,1.681554,20.217
10.62289,1.673384,20.376
10.647722,1.67249,20.422
10.673166,1.67057,20.468
10.697966,1.67061,20.514
10.723341,1.671724,20.56
10.748201,1.671445,20.606
10.773549,1.671544,20.653
10.797771,1.670111,20.699
10.822504,1.670061,20.745
10.847832,1.668346,20.791
10.873263,1.666027,20.838
10.958221,1.664707,20.884
10.982829,1.660396,21.039
11.007695,1.658347,21.086
11.03246,1.656567,21.132
11.057057,1.655213,21.179
11.082234,1.652974,21.224
11.106938,1.649917,21.27
11.194069,1.647818,21.316
11.219405,1.639698,21.476
11.244723,1.638464,21.522
11.269728,1.635965,21.568
11.294527,1.631656,21.615
11.318865,1.628123,21.66
11.343804,1.621907,21.707
11.368601,1.61697,21.753
11.393603,1.614126,21.8
11.418999,1.608254,21.846
11.443707,1.603218,21.891
11.46933,1.59803,21.938
11.668666,1.560371,21.985
11.694177,1.549592,22.353
11.79007,1.544784,22.399
11.815077,1.517297,22.576
11.839772,1.512102,22.622
11.86434,1.506361,22.668
11.889397,1.502963,22.714
11.914055,1.495316,22.761
11.939314,1.489565,22.807
11.964851,1.482769,22.853
11.989813,1.476959,22.899
12.015249,1.474066,22.945
12.039802,1.467831,22.991
12.063994,1.464343,23.038
12.148742,1.447156,23.083
12.173898,1.439154,23.24
12.199069,1.433534,23.286
12.224354,1.432077,23.333
12.249901,1.427583,23.379
12.274621,1.423354,23.425
12.299663,1.417819,23.47
12.500697,1.411423,23.517
12.52563,1.36571,23.889
12.550482,1.36039,23.935
12.574862,1.355266,23.98
12.599594,1.350661,24.027
12.625049,1.347413,24.073
12.650234,1.340882,24.119
12.744364,1.325582,24.165
12.770037,1.320393,24.34
12.794772,1.318656,24.386
12.820281,1.316163,24.433
12.84516,1.312671,24.479
12.869376,1.308574,24.524
12.894322,1.306494,24.57
12.980403,1.301378,24.617
13.0057,1.289715,24.776
13.030364,1.286442,24.822
13.055921,1.284372,24.868
13.081325,1.282618,24.914
13.1061,1.281314,24.961
13.130752,1.278111,25.006
13.154981,1.274678,25.052
13.17986,1.271504,25.098
13.204788,1.267622,25.144
13.230244,1.263849,25.19
13.255702,1.259761,25.236
13.340772,1.257192,25.282
13.366176,1.252949,25.441
13.390777,1.25325,25.487
13.415656,1.254073,25.533
13.440083,1.252969,25.579
13.464961,1.254073,25.625
13.490307,1.254754,25.67
13.576415,1.254843,25.717
13.60229,1.25346,25.876
13.627265,1.253779,25.923
13.652559,1.253769,25.969
13.677431,1.256037,26.015
13.701925,1.255248,26.061
13.726245,1.255888,26.107
13.751385,1.255158,26.153
13.776464,1.252326,26.198
13.801638,1.251875,26.244
13.826538,1.249526,26.291
13.851777,1.248117,26.337
13.936924,1.243011,26.383
13.961214,1.236779,26.54
13.985449,1.23463,26.586
14.010438,1.232721,26.632
14.0358,1.231476,26.678
14.060898,1.229128,26.724
14.086058,1.227474,26.77
14.172753,1.224081,26.816
14.197872,1.22441,26.976
14.222286,1.222757,27.022
14.24647,1.223007,27.067
14.271243,1.222406,27.114
14.296661,1.224745,27.16
14.321855,1.227014,27.205
14.347027,1.231007,27.252
14.372603,1.235815,27.299
14.397098,1.241636,27.344
14.422408,1.25156,27.391
14.44645,1.259975,27.436
14.646897,1.382856,27.483
14.671431,1.398045,27.852
14.767972,1.419615,27.898
14.792343,1.493194,28.076
14.817626,1.511426,28.122
14.84284,1.531261,28.168
14.868046,1.550816,28.215
14.893189,1.566822,28.261
14.918077,1.58174,28.307
14.943625,1.593881,28.353
14.968468,1.606631,28.399
14.993739,1.619009,28.446
15.018364,1.630123,28.491
15.043689,1.638033,28.538
15.128527,1.657512,28.584
15.15368,1.659321,28.74
15.179054,1.662139,28.787
15.204116,1.665173,28.833
15.229415,1.664748,28.88
15.25428,1.663989,28.926
15.278214,1.660175,28.972
15.479648,1.659141,29.018
15.503883,1.628003,29.388
15.529282,1.622327,29.434
15.554098,1.614661,29.48
15.579517,1.610443,29.526
15.604651,1.604262,29.573
15.62971,1.596142,29.619
15.724283,1.569505,29.665
15.74956,1.561111,29.84
15.774812,1.55464,29.887
15.798815,1.549592,29.933
15.824071,1.544664,29.979
15.848992,1.539433,30.025
15.874428,1.535185,30.071
15.960034,1.533249,30.118
15.985284,1.527568,30.276
16.010555,1.524914,30.322
16.035119,1.524103,30.368
16.059452,1.521881,30.414
16.084091,1.52132,30.459
16.109531,1.522372,30.506
16.134476,1.522667,30.553
16.159764,1.523688,30.599
16.185202,1.524473,30.645
16.210056,1.526324,30.691
16.235189,1.526584,30.736
16.31962,1.538289,30.782
16.344509,1.539033,30.94
16.369367,1.542656,30.987
16.394422,1.546697,31.032
16.420137,1.552321,31.079
16.444985,1.557029,31.125
16.47007,1.56266,31.171
16.556017,1.568136,31.217
16.581369,1.585233,31.376
16.605301,1.591195,31.422
16.630166,1.595722,31.468
16.655161,1.603366,31.514
16.680476,1.606421,31.56
16.705833,1.613718,31.607
16.73111,1.61683,31.653
16.756334,1.619069,31.698
16.781361,1.621437,31.746
16.806719,1.624167,31.792
16.83097,1.627054,31.838
16.915199,1.633315,31.884
16.940345,1.631267,32.04
16.965509,1.632291,32.087
16.991431,1.634134,32.133
17.016489,1.63451,32.179
17.041748,1.636678,32.226
17.066736,1.636293,32.272
17.151283,1.638233,32.318
17.176598,1.64258,32.476
17.201754,1.643685,32.523
17.226547,1.643499,32.569
17.25137,1.64281,32.615
17.277011,1.645943,32.661
17.302179,1.646932,32.706
17.327094,1.648902,32.753
17.35141,1.649113,32.798
17.376063,1.651041,32.845
17.400356,1.652295,32.891
17.425686,1.652356,32.937
17.625789,1.648461,32.983
17.651192,1.644344,33.352
17.747083,1.644798,33.399
17.772249,1.638721,33.576
17.797554,1.635984,33.622
17.822911,1.63503,33.668
17.847754,1.632689,33.715
17.873549,1.629752,33.761
17.897948,1.628122,33.807
17.922841,1.624565,33.854
17.947481,1.621577,33.9
17.972455,1.615605,33.946
17.997485,1.611707,33.992
18.023313,1.607454,34.039
18.107781,1.597364,34.085
18.132835,1.58979,34.24
18.157205,1.585531,34.286
18.181598,1.582248,34.332
18.206533,1.577381,34.379
18.2318,1.575468,34.424
18.256714,1.569896,34.471
18.457715,1.566093,34.517
18.482742,1.537955,34.888
18.507596,1.533559,34.934
18.533218,1.527877,34.98
18.55787,1.522151,35.025
18.582715,1.518092,35.071
18.606457,1.512767,35.117
18.702293,1.501367,35.163
18.726878,1.49438,35.34
18.752842,1.490057,35.387
18.778007,1.486849,35.433
18.802892,1.484851,35.478
18.828328,1.480377,35.525
18.852967,1.477565,35.571
18.939437,1.474998,35.616
18.964133,1.468166,35.776
18.988628,1.465398,35.822
19.012904,1.465408,35.868
19.038551,1.463297,35.914
19.062917,1.46202,35.96
19.088133,1.460283,36.006
19.113801,1.459658,36.052
19.1385,1.4576,36.098
19.164061,1.454894,36.144
19.188225,1.454303,36.19
19.212791,1.452121,36.237
19.298252,1.452662,36.283
19.323262,1.446211,36.441
19.348871,1.445345,36.486
19.373729,1.443273,36.533
19.398815,1.444339,36.579
19.42336,1.443998,36.624
19.447638,1.443778,36.67
19.533948,1.444944,36.716
19.558681,1.443263,36.876
19.58449,1.443958,36.922
19.609317,1.443518,36.969
19.634645,1.444774,37.014
19.660058,1.443798,37.061
19.685427,1.446751,37.107
19.710139,1.448192,37.153
19.734233,1.449869,37.2
19.75892,1.454173,37.245
19.783581,1.454683,37.291
19.808966,1.457932,37.337
19.894319,1.466919,37.384
19.919725,1.466564,37.54
19.944915,1.46784,37.587
19.969366,1.470507,37.633
19.993799,1.471138,37.679
20.018313,1.471684,37.724
20.043309,1.472225,37.77
20.129923,1.472185,37.816
20.155292,1.475333,37.976
20.180357,1.475182,38.022
20.205805,1.476909,38.069
20.230983,1.477259,38.115
20.256054,1.477754,38.162
20.280989,1.476959,38.208
20.305912,1.476859,38.254
20.330828,1.476223,38.301
20.355386,1.475342,38.347
20.380936,1.473661,38.393
20.406124,1.47338,38.439
20.604962,1.47293,38.484
20.630623,1.467701,38.853
20.725919,1.469107,38.898
20.751161,1.470133,39.076
20.77615,1.472435,39.122
20.800906,1.471099,39.168
20.825166,1.470918,39.214
20.849855,1.468617,39.259
20.875454,1.468997,39.306
20.900418,1.468597,39.353
20.926029,1.4675,39.399
20.951294,1.466955,39.445
20.976488,1.465288,39.491
21.001238,1.46697,39.537
21.085038,1.466989,39.584
21.109967,1.464222,39.74
21.134663,1.465048,39.786
21.16042,1.468041,39.832
21.185017,1.470568,39.878
21.210495,1.474487,39.924
21.235417,1.476979,39.97
21.436846,1.480126,40.015
21.462063,1.519934,40.388
21.487284,1.523698,40.434
21.511833,1.528217,40.48
21.535905,1.530921,40.526
21.5606,1.537715,40.572
21.585413,1.541281,40.618
21.681001,1.56301,40.664
21.705834,1.562225,40.84
21.730932,1.566283,40.886
21.756639,1.57103,40.932
21.781682,1.575607,40.979
21.806393,1.581209,41.024
21.830477,1.583084,41.071
21.916749,1.587401,41.116
21.941741,1.601158,41.275
21.96657,1.604511,41.321
21.991766,1.605346,41.367
22.017005,1.609753,41.414
22.042233,1.611168,41.46
22.067466,1.614591,41.506
22.091874,1.615331,41.552
22.116429,1.616205,41.597
22.140749,1.619757,41.644
22.166133,1.619948,41.691
22.191119,1.620423,41.736
22.277053,1.623052,41.782
22.301825,1.621247,41.94
22.326957,1.620273,41.986
22.351423,1.618844,42.031
22.375649,1.616515,42.077
22.400121,1.615345,42.123
22.425313,1.615946,42.169
22.513339,1.613507,42.215
22.538373,1.612822,42.376
22.563366,1.610054,42.422
22.588466,1.611972,42.468
22.613156,1.610748,42.513
22.637985,1.610948,42.56
22.662434,1.610064,42.606
22.687647,1.608104,42.652
22.712133,1.608449,42.698
22.737592,1.608489,42.744
22.762988,1.609543,42.79
22.787475,1.604471,42.836
22.873992,1.597615,42.882
22.898328,1.592798,43.041
22.923138,1.592068,43.087
22.947817,1.589539,43.133
22.973286,1.584962,43.179
22.998103,1.58193,43.225
23.023386,1.575748,43.271
23.109417,1.573068,43.317
23.1344,1.556487,43.476
23.159504,1.550191,43.522
23.184381,1.544784,43.568
23.208728,1.541581,43.614
23.233332,1.537585,43.66
23.258561,1.531692,43.707
23.283928,1.528327,43.753
23.308801,1.523783,43.799
23.334635,1.520144,43.845
23.359049,1.515449,43.891
23.384283,1.512202,43.937
23.584165,1.498449,43.983
23.609132,1.493434,44.353
23.705104,1.492007,44.399
23.729933,1.484215,44.576
23.754251,1.482143,44.622
23.779184,1.482829,44.668
23.80438,1.480237,44.713
23.829722,1.478105,44.759
23.854901,1.477179,44.806
23.879584,1.476708,44.852
23.904513,1.480727,44.898
23.929015,1.481022,44.944
23.953531,1.482113,44.99
23.978699,1.480367,45.036
24.06434,1.479601,45.082
24.089473,1.474416,45.241
24.114959,1.473811,45.287
24.140393,1.474036,45.333
24.165005,1.472545,45.379
24.189554,1.4734,45.424
24.214438,1.470848,45.47
24.416058,1.470588,45.517
24.440847,1.445314,45.888
24.464837,1.442186,45.934
24.489518,1.436146,45.98
24.51496,1.433373,46.026
24.539906,1.429694,46.072
24.565432,1.425371,46.117
24.660348,1.414961,46.164
24.68617,1.40872,46.34
24.710832,1.406863,46.386
24.735675,1.403395,46.433
24.760237,1.40282,46.479
24.784837,1.399967,46.525
24.809979,1.398275,46.571
24.896142,1.394647,46.617
24.92137,1.389802,46.775
24.946414,1.386684,46.822
24.971708,1.386764,46.867
24.996488,1.38713,46.914
25.021242,1.385418,46.96
25.045222,1.386143,47.006
25.070274,1.383641,47.052
25.095226,1.384647,47.098
25.120704,1.382255,47.144
25.145981,1.381639,47.19
25.171321,1.38195,47.237
25.256961,1.383732,47.283
25.281594,1.380284,47.441
25.306185,1.379637,47.487
25.330835,1.381179,47.533
25.35572,1.378421,47.579
25.380839,1.379447,47.625
25.406196,1.380033,47.671
25.492481,1.38199,47.718
25.517343,1.385308,47.876
25.542508,1.38758,47.922
25.566907,1.389572,47.968
25.591467,1.391974,48.015
25.616548,1.395007,48.061
25.641708,1.397149,48.107
25.666554,1.398921,48.153
25.691973,1.399816,48.199
25.717084,1.402719,48.245
25.742255,1.405061,48.291
25.766798,1.406527,48.337
25.851437,1.418964,48.384
25.876157,1.416572,48.54
25.901627,1.4199,48.587
25.926831,1.421416,48.633
25.951581,1.423454,48.679
25.976455,1.424295,48.725
26.001432,1.428023,48.771
26.088264,1.429384,48.816
26.112385,1.434739,48.976
26.137438,1.434419,49.022
26.162339,1.433854,49.069
26.187444,1.434008,49.114
26.212588,1.435295,49.161
26.238224,1.44085,49.207
26.263507,1.442711,49.253
26.288311,1.448282,49.3
26.31304,1.450544,49.346
26.337347,1.454092,49.392
26.361911,1.456985,49.438
26.561565,1.483835,49.484
26.586917,1.484972,49.852
26.682893,1.48866,49.898
26.70744,1.504464,50.075
26.732772,1.507157,50.121
26.757472,1.511631,50.167
26.782655,1.512362,50.212
26.807515,1.516376,50.259
26.832019,1.518717,50.305
26.856356,1.520765,50.351
26.88103,1.522386,50.395
26.906113,1.523037,50.442
26.931193,1.523307,50.488
26.956933,1.524914,50.534
27.043324,1.527997,50.58
27.069167,1.523437,50.741
27.093612,1.526252,50.787
27.118333,1.525218,50.833
27.14299,1.526422,50.88
27.167657,1.525877,50.925
27.193385,1.526442,50.972
27.393499,1.527022,51.018
27.418361,1.520664,51.388
27.443972,1.519618,51.434
27.468878,1.518492,51.481
27.494579,1.51737,51.527
27.519266,1.514893,51.573
27.544045,1.513972,51.619
27.639203,1.512896,51.665
27.664333,1.510875,51.841
27.6886,1.510069,51.887
27.713085,1.509053,51.933
27.738525,1.507477,51.978
27.763556,1.507086,52.025
27.78893,1.504754,52.072
27.875171,1.502472,52.117
27.900148,1.499174,52.276
27.9249,1.496691,52.322
27.948919,1.496691,52.368
27.973911,1.493854,52.414
27.999297,1.493694,52.461
28.02408,1.491282,52.506
28.04928,1.490246,52.553
28.074778,1.485716,52.599
28.099534,1.4847,52.646
28.125245,1.48313,52.691
28.149807,1.483484,52.738
28.23391,1.480427,52.783
28.259379,1.473906,52.94
28.284173,1.472044,52.987
28.309603,1.470808,53.033
28.334404,1.468045,53.079
28.359408,1.465478,53.125
28.385406,1.463411,53.171
28.470439,1.460814,53.217
28.495019,1.451095,53.376
28.519611,1.447516,53.422
28.545003,1.443213,53.468
28.569957,1.44071,53.514
28.594848,1.438833,53.56
28.620021,1.437707,53.606
28.645021,1.434199,53.651
28.669971,1.432822,53.698
28.693991,1.431552,53.744
28.718939,1.427713,53.789
28.744414,1.4251,53.836
28.829965,1.41416,53.883
28.855845,1.408329,54.041
28.880778,1.402649,54.087
28.906047,1.401553,54.133
28.930876,1.397725,54.18
28.956535,1.395482,54.226
28.980333,1.39283,54.272
29.065212,1.389602,54.319
29.090782,1.377145,54.476
29.115874,1.372736,54.522
29.141197,1.368572,54.568
29.166526,1.36629,54.615
29.191582,1.363338,54.661
29.216268,1.358683,54.707
29.24037,1.357122,54.753
29.265147,1.356441,54.798
29.289816,1.351446,54.844
29.315566,1.347784,54.891
29.340771,1.34495,54.937
29.540716,1.317074,54.983
29.565595,1.309377,55.353
29.661628,1.306225,55.398
29.686817,1.295055,55.576
29.711978,1.291912,55.622
29.737015,1.28592,55.669
29.761865,1.284586,55.715
29.78645,1.280309,55.761
29.811106,1.279395,55.807
29.836331,1.276191,55.853
29.861978,1.273423,55.899
29.886746,1.272832,55.945
29.91179,1.270824,55.991
29.936679,1.271678,56.037
30.022407,1.282063,56.083
30.046506,1.282417,56.241
30.071184,1.2867,56.286
30.096068,1.290277,56.333
30.121255,1.293167,56.38
30.146554,1.297059,56.426
30.171528,1.300876,56.472
30.372333,1.30472,56.518
30.397196,1.350175,56.889
30.422638,1.355515,56.935
30.447848,1.362431,56.981
30.47312,1.368512,57.027
30.497681,1.374773,57.074
30.522012,1.380383,57.12
30.616853,1.403179,57.166
30.641755,1.403079,57.341
30.666792,1.407093,57.387
30.692228,1.411322,57.433
30.717239,1.413434,57.479
30.742299,1.415666,57.525
30.76741,1.419104,57.571
30.853138,1.423163,57.617
30.877332,1.433163,57.776
30.902387,1.437282,57.822
30.926821,1.438257,57.867
30.952409,1.442116,57.914
30.977847,1.442992,57.96
31.002889,1.447206,58.007
31.027956,1.450454,58.052
31.052881,1.453486,58.099
31.077807,1.456985,58.145
31.102263,1.459287,58.191
31.127722,1.462846,58.237
31.212728,1.476928,58.284
31.238156,1.477339,58.441
31.263539,1.481252,58.487
31.288014,1.485091,58.533
31.312746,1.488319,58.579
31.336849,1.493363,58.624
31.362116,1.497568,58.671
31.448101,1.50012,58.717
31.473255,1.512906,58.876
31.498487,1.515609,58.922
31.523689,1.519773,58.968
31.548971,1.522051,59.015
31.573703,1.525839,59.061
31.598879,1.52945,59.106
31.62332,1.534713,59.153
31.647715,1.539641,59.198
31.672948,1.543123,59.245
31.697798,1.546068,59.291
31.723242,1.547653,59.337
31.808478,1.55999,59.383
31.833674,1.558112,59.54
31.859049,1.559735,59.587
31.883911,1.561645,59.633
31.90796,1.566222,59.68
31.933398,1.56666,59.725
31.958102,1.566102,59.772
32.044197,1.566911,59.817
32.069518,1.566332,59.976
32.094468,1.568501,60.022
32.119522,1.569545,60.068
32.144628,1.573438,60.114
32.168911,1.572384,60.16
32.193965,1.574302,60.207
32.218988,1.577946,60.253
32.244349,1.579899,60.3
32.269351,1.582177,60.346
32.294511,1.584832,60.391
32.31962,1.588385,60.437
32.51924,1.601461,60.484
32.544588,1.600107,60.853
32.640316,1.601251,60.899
32.665483,1.606069,61.076
32.690151,1.606269,61.122
32.714765,1.607503,61.168
32.739444,1.608618,61.214
32.764569,1.611486,61.26
32.78999,1.61279,61.307
32.81523,1.615353,61.352
32.840259,1.618203,61.398
32.865192,1.618927,61.445
32.890424,1.62273,61.49
32.914919,1.624848,61.537
32.999145,1.638002,61.583
33.024996,1.636182,61.741
33.049975,1.64017,61.787
33.075069,1.64288,61.833
33.099733,1.644094,61.879
33.125296,1.648115,61.924
33.150325,1.649665,61.97
33.351116,1.652863,62.017
33.376168,1.678864,62.388
33.400717,1.683892,62.434
33.424916,1.685754,62.48
33.449615,1.689248,62.526
33.474847,1.690737,62.572
33.499918,1.695099,62.618
33.595854,1.705518,62.664
33.620875,1.704304,62.841
33.645819,1.705568,62.887
33.670936,1.706918,62.933
33.6959,1.708373,62.979
33.720656,1.709727,63.025
33.745193,1.709827,63.072
33.830848,1.710416,63.117
33.855935,1.708373,63.276
33.881375,1.708603,63.322
33.906907,1.709617,63.368
33.931598,1.707469,63.414
33.956865,1.707957,63.46
33.980987,1.708573,63.506
34.00562,1.707719,63.552
34.030626,1.709171,63.598
34.056308,1.708243,63.644
34.081168,1.707549,63.691
34.105978,1.706545,63.737
34.191633,1.706214,63.783
34.216493,1.700721,63.94
34.241898,1.703042,63.987
34.266258,1.702105,64.033
34.291449,1.702216,64.08
34.316228,1.700403,64.125
34.341399,1.698184,64.171
34.42738,1.699098,64.217
34.452563,1.693795,64.376
34.47783,1.692332,64.422
34.502551,1.689994,64.468
34.527473,1.689483,64.514
34.551599,1.685674,64.561
34.577039,1.683336,64.607
34.601929,1.679064,64.653
34.627235,1.675471,64.699
34.652882,1.671432,64.745
34.677992,1.666487,64.792
34.703024,1.662563,64.838
34.78735,1.646613,64.884
34.812345,1.636958,65.041
34.83702,1.629591,65.087
34.86216,1.624055,65.133
34.88752,1.618997,65.18
34.91271,1.614821,65.225
34.937589,1.611208,65.271
35.023382,1.608609,65.318
35.049007,1.599923,65.476
35.073567,1.596995,65.522
35.097616,1.597324,65.569
35.122672,1.594376,65.615
35.147658,1.594506,65.661
35.17319,1.592298,65.707
35.198165,1.593202,65.753
35.223383,1.592917,65.8
35.249172,1.594246,65.846
35.27402,1.598629,65.892
35.298838,1.600817,65.938
35.497859,1.647002,65.985
35.522442,1.648601,66.353
35.618873,1.653867,66.398
35.643422,1.671928,66.576
35.668662,1.67532,66.622
35.69376,1.677949,66.669
35.719161,1.682247,66.715
35.743902,1.684835,66.761
35.769834,1.687924,66.807
35.794348,1.687924,66.854
35.819231,1.689343,66.899
35.843526,1.691711,66.946
35.867867,1.693176,66.991
35.893007,1.69446,67.037
35.978659,1.70071,67.084
36.003995,1.698322,67.241
36.029104,1.700502,67.287
36.054391,1.70246,67.333
36.079715,1.703149,67.38
36.104617,1.705663,67.426
36.128889,1.706344,67.472
36.329535,1.709121,67.519
36.354341,1.718791,67.889
36.379312,1.72141,67.935
36.403992,1.719432,67.98
36.428971,1.719071,68.026
36.453969,1.720146,68.072
36.479013,1.718691,68.118
36.57438,1.720216,68.163
36.599843,1.717567,68.341
36.624895,1.717412,68.387
36.649075,1.716993,68.433
36.674077,1.716493,68.479
36.699236,1.713679,68.525
36.72438,1.713964,68.572
36.810581,1.71303,68.618
36.835445,1.716118,68.776
36.8608,1.716322,68.822
36.885879,1.718308,68.869
36.910243,1.720845,68.915
36.934592,1.72207,68.961
36.959686,1.723839,69.007
36.984757,1.723479,69.053
37.009851,1.723419,69.099
37.035165,1.725364,69.145
37.060359,1.726508,69.191
37.084884,1.726811,69.237
37.169975,1.736396,69.283
37.194934,1.733847,69.44
37.219694,1.735192,69.487
37.244627,1.737501,69.533
37.26984,1.737851,69.579
37.295184,1.73836,69.625
37.320359,1.737126,69.672
37.406421,1.736627,69.717
37.430736,1.729771,69.876
37.454992,1.72914,69.922
37.480048,1.728186,69.968
37.505223,1.727342,70.014
37.53097,1.725294,70.06
37.556306,1.724893,70.106
37.581574,1.723459,70.152
37.606472,1.72143,70.198
37.631889,1.720026,70.244
37.65588,1.717537,70.291
37.680663,1.716332,70.337
37.766349,1.712575,70.383
37.79152,1.708773,70.541
37.816253,1.707238,70.586
37.841282,1.707897,70.632
37.86746,1.706464,70.679
37.891847,1.706244,70.725
37.916434,1.70505,70.771
38.002492,1.703945,70.817
38.026607,1.700693,70.976
38.052293,1.698422,71.021
38.077295,1.698663,71.068
38.102289,1.697268,71.114
38.127214,1.698452,71.161
38.153242,1.696629,71.207
38.178017,1.697593,71.253
38.20255,1.697913,71.299
38.22703,1.700202,71.345
38.251728,1.700652,71.391
38.277011,1.700382,71.438
38.476827,1.700502,71.484
38.502417,1.693496,71.853
38.597449,1.693546,71.9
38.623093,1.691037,72.076
38.648371,1.689198,72.122
38.672962,1.68655,72.168
38.697853,1.685735,72.214
38.723039,1.682767,72.26
38.747092,1.680967,72.306
38.771311,1.676885,72.352
38.79692,1.673122,72.398
38.822663,1.669799,72.444
38.847073,1.665916,72.489
38.873101,1.662523,72.536
38.957823,1.654132,72.583
38.98317,1.647875,72.74
39.008856,1.643964,72.787
39.032272,1.639724,72.833
39.057054,1.635813,72.879
39.082402,1.631999,72.925
39.107193,1.629511,72.971
39.308261,1.627447,73.016
39.334081,1.603135,73.388
39.359037,1.599987,73.435
39.383778,1.597154,73.48
39.409441,1.591856,73.526
39.433893,1.586515,73.572
39.457389,1.581798,73.618
39.554193,1.571109,73.663
39.579153,1.564242,73.841
39.603187,1.561614,73.887
39.628273,1.56012,73.933
39.653448,1.557741,73.979
39.678861,1.554737,74.025
39.703921,1.555292,74.07
39.790218,1.553024,74.117
39.81449,1.546478,74.276
39.839726,1.543989,74.322
39.864805,1.543809,74.368
39.889088,1.542274,74.415
39.914163,1.54149,74.46
39.939853,1.53661,74.507
39.964252,1.535719,74.553
39.990229,1.536903,74.599
40.015504,1.535103,74.646
40.040237,1.534444,74.692
40.063587,1.533278,74.738
40.149004,1.533238,74.784
40.173718,1.529905,74.94
40.199227,1.533118,74.986
40.224878,1.532344,75.031
40.249431,1.533829,75.078
40.274348,1.534464,75.124
40.299385,1.536059,75.17
40.384606,1.536913,75.217
40.409915,1.538127,75.375
40.434932,1.538711,75.422
40.459715,1.538771,75.468
40.485647,1.5412,75.514
40.510549,1.542079,75.56
40.534821,1.544278,75.606
40.560011,1.542444,75.652
40.585547,1.542204,75.699
40.609643,1.540865,75.745
40.634238,1.540096,75.791
40.659939,1.539302,75.837
40.745175,1.542164,75.883
40.770773,1.538701,76.041
40.796205,1.539955,76.087
40.820934,1.540456,76.134
40.846097,1.53962,76.181
40.871176,1.54162,76.227
40.895479,1.544553,76.273
40.981157,1.547382,76.319
41.005806,1.554638,76.476
41.030954,1.556296,76.522
41.056935,1.557435,76.569
41.081276,1.557017,76.615
41.106447,1.555282,76.661
41.130915,1.554706,76.707
41.156148,1.555793,76.753
41.18062,1.555562,76.8
41.205598,1.557395,76.846
41.230935,1.557601,76.892
41.256194,1.558329,76.937
41.45566,1.550404,76.984
41.481346,1.546107,77.353
41.577186,1.544583,77.399
41.601615,1.535849,77.576
41.62767,1.532582,77.622
41.652176,1.53106,77.668
41.676694,1.528491,77.715
41.701408,1.526462,77.76
41.726771,1.525128,77.807
41.751704,1.524021,77.854
41.776752,1.523236,77.9
41.802407,1.522915,77.946
41.82724,1.522836,77.992
41.8518,1.522,78.038
41.936779,1.522465,78.083
41.960679,1.516714,78.241
41.986629,1.518526,78.287
42.011885,1.516824,78.334
42.036833,1.516684,78.38
42.061893,1.514998,78.426
42.087782,1.514412,78.472
42.287045,1.514583,78.519
42.312466,1.518906,78.888
42.337833,1.519097,78.934
42.362727,1.520523,78.981
42.386934,1.520733,79.027
42.412339,1.52183,79.073
42.43693,1.523861,79.12
42.531921,1.533558,79.166
42.557391,1.532283,79.341
42.582516,1.533237,79.387
42.607099,1.534369,79.433
42.632574,1.53681,79.479
42.657714,1.539101,79.525
42.682044,1.540346,79.571
42.768121,1.542945,79.618
42.792301,1.547262,79.776
42.817588,1.552608,79.822
42.842981,1.555662,79.868
42.868352,1.558141,79.914
42.893054,1.56043,79.96
42.918187,1.563693,80.007
42.942974,1.566975,80.052
42.966985,1.569239,80.098
42.991545,1.575636,80.144
43.016966,1.57664,80.189
43.04221,1.580354,80.236
43.128364,1.591767,80.282
43.153743,1.591707,80.441
43.17798,1.59525,80.486
43.203178,1.598159,80.533
43.227949,1.601402,80.579
43.25138,1.603105,80.624
43.27712,1.604825,80.67
43.363213,1.606029,80.716
43.388365,1.613085,80.876
43.414277,1.612151,80.922
43.439948,1.613536,80.969
43.464462,1.61466,81.015
43.489341,1.616353,81.062
43.51495,1.615964,81.108
43.538457,1.617622,81.154
43.564008,1.618193,81.2
43.58921,1.619706,81.246
43.614685,1.620462,81.293
43.639506,1.621876,81.339
43.724143,1.627508,81.385
43.748853,1.624135,81.541
43.773179,1.628482,81.587
43.79863,1.628242,81.633
43.823433,1.630715,81.68
43.849257,1.627992,81.726
43.874401,1.628692,81.772
43.959069,1.628792,81.818
43.985527,1.628121,81.976
44.010344,1.63035,82.022
44.035381,1.630655,82.069
44.059664,1.632199,82.115
44.085123,1.63052,82.161
44.10905,1.631434,82.208
44.134974,1.631929,82.254
44.159972,1.633324,82.3
44.184743,1.633304,82.346
44.209853,1.635623,82.392
44.234924,1.636172,82.438
44.434659,1.648105,82.484
44.45955,1.644687,82.853
44.556042,1.643993,82.9
44.579804,1.644013,83.076
44.60391,1.643238,83.121
44.629293,1.642769,83.168
44.653569,1.644103,83.213
44.67947,1.643059,83.26
44.704694,1.643079,83.305
44.729742,1.645057,83.351
44.754241,1.643562,83.398
44.779247,1.643368,83.444
44.804245,1.642388,83.49
44.828164,1.644213,83.536
44.915014,1.644352,83.581
44.939954,1.643278,83.741
44.965064,1.641504,83.787
44.99035,1.644607,83.833
45.016139,1.644472,83.879
45.040565,1.646871,83.924
45.065529,1.648005,83.971
45.267665,1.649725,84.017
45.291342,1.669113,84.388
45.316455,1.670039,84.434
45.341376,1.674826,84.48
45.365641,1.677759,84.526
45.390708,1.682176,84.572
45.416467,1.685145,84.617
45.511784,1.700492,84.663
45.53677,1.699961,84.841
45.562468,1.704678,84.887
45.587546,1.708961,84.933
45.611415,1.713399,84.98
45.636571,1.716482,85.026
45.662172,1.722444,85.072
45.747539,1.724278,85.118
45.772733,1.730935,85.276
45.797293,1.730049,85.322
45.822145,1.731558,85.368
45.848569,1.72964,85.415
45.873402,1.728526,85.461
45.897217,1.727422,85.507
45.922464,1.726437,85.554
45.947904,1.726247,85.6
45.972564,1.725516,85.647
45.998039,1.723728,85.693
46.023609,1.722744,85.739
46.10767,1.717121,85.785
46.13296,1.711594,85.941
46.157613,1.711161,85.987
46.182108,1.710305,86.033
46.207774,1.708762,86.079
46.23255,1.708081,86.125
46.257571,1.706652,86.172
46.343745,1.707987,86.218
46.368355,1.705149,86.376
46.393491,1.706977,86.422
46.418047,1.704135,86.468
46.442473,1.7027,86.514
46.467018,1.699686,86.56
46.4927,1.699457,86.606
46.51784,1.696123,86.652
46.542638,1.696508,86.698
46.567487,1.69443,86.744
46.59313,1.693885,86.79
46.617022,1.69439,86.837
46.703284,1.690716,86.883
46.727637,1.687843,87.041
46.752255,1.687464,87.087
46.777998,1.688458,87.133
46.803538,1.687664,87.179
46.82824,1.688828,87.225
46.854249,1.687734,87.271
46.93879,1.688987,87.317
46.964337,1.687963,87.476
46.988951,1.687873,87.522
47.013431,1.685454,87.568
47.03836,1.685524,87.614
47.06378,1.685534,87.66
47.089186,1.684161,87.707
47.113369,1.685999,87.752
47.139574,1.685604,87.799
47.163969,1.686209,87.845
47.188529,1.685235,87.891
47.213769,1.685175,87.937
47.413835,1.686209,87.984
47.438437,1.6835,88.352
47.53425,1.684061,88.399
47.559206,1.681642,88.576
47.583947,1.681572,88.622
47.609352,1.681862,88.668
47.634692,1.679053,88.714
47.659801,1.679103,88.76
47.684631,1.678557,88.807
47.710286,1.677808,88.853
47.734223,1.676774,88.899
47.758849,1.676544,88.946
47.784804,1.67525,88.992
47.809955,1.673351,89.038
47.894285,1.670973,89.084
47.920098,1.666325,89.24
47.944881,1.664396,89.287
47.969633,1.663302,89.333
47.994404,1.662137,89.379
48.018657,1.660484,89.425
48.043794,1.658574,89.471
48.244632,1.657544,89.517
48.269687,1.662602,89.889
48.294889,1.663727,89.934
48.32046,1.665171,89.981
48.345815,1.667139,90.027
48.370218,1.669073,90.072
48.395654,1.671502,90.119
48.491036,1.691961,90.165
48.515285,1.694119,90.341
48.539684,1.697612,90.387
48.564851,1.702229,90.433
48.58945,1.709305,90.478
48.614356,1.715107,90.525
48.639892,1.720566,90.57
48.726238,1.725223,90.615
48.751467,1.745674,90.776
48.776907,1.751974,90.822
48.801283,1.758741,90.869
48.826173,1.766268,90.914
48.851486,1.772109,90.961
48.875697,1.780947,91.008
48.901175,1.788374,91.054
48.92658,1.797067,91.1
48.951771,1.805319,91.145
48.976723,1.811595,91.192
49.001625,1.819233,91.238
49.085693,1.844616,91.284
49.111053,1.850001,91.441
49.136143,1.858289,91.487
49.161018,1.866192,91.533
49.185989,1.872162,91.579
49.211256,1.878203,91.625
49.236285,1.884113,91.671
49.321879,1.8909,91.717
49.347215,1.916913,91.876
49.371272,1.924526,91.922
49.396843,1.930596,91.969
49.421733,1.934385,92.015
49.44687,1.940095,92.06
49.472006,1.947432,92.106
49.497792,1.953321,92.154
49.522874,1.95599,92.2
49.547204,1.958767,92.246
49.572356,1.963909,92.292
49.597388,1.968319,92.339
49.681864,1.991002,92.385
49.706786,1.990762,92.541
49.731803,1.995379,92.587
49.756751,1.999453,92.633
49.782191,2.003056,92.679
49.805814,2.006379,92.725
49.830408,2.008937,92.77
49.917239,2.013903,92.817
49.941872,2.02303,92.976
49.967474,2.023974,93.022
49.992503,2.024422,93.068
50.017516,2.024908,93.113
50.042072,2.024757,93.16
50.068008,2.026643,93.206
50.091381,2.026363,93.252
50.115753,2.025218,93.298
50.141565,2.024342,93.344
50.166295,2.02304,93.39
50.191281,2.023099,93.436
50.392399,2.017921,93.482
50.418327,2.014508,93.854
50.512818,2.013564,93.9
50.538343,2.007291,94.076
50.563568,2.005522,94.122
50.588347,2.004199,94.169
50.613349,2.002925,94.214
50.638285,2.000775,94.261
50.663038,1.997133,94.306
50.68759,1.994724,94.353
50.713499,1.989937,94.399
50.738539,1.988812,94.446
50.763687,1.985169,94.491
50.788812,1.9823,94.538
50.873418,1.972442,94.584
50.898474,1.965185,94.741
50.922773,1.962222,94.787
50.947449,1.959911,94.833
50.972773,1.958937,94.88
50.998317,1.955095,94.926
51.023676,1.949624,94.972
51.223181,1.943753,95.018
51.249074,1.889933,95.388
51.273907,1.882836,95.433
51.298229,1.876726,95.479
51.323246,1.869389,95.525
51.346708,1.862843,95.57
51.371779,1.856412,95.616
51.468675,1.830963,95.663
51.49375,1.821304,95.84
51.518314,1.814277,95.886
51.543635,1.80704,95.934
51.569186,1.797902,95.98
51.594353,1.792202,96.026
51.619248,1.783929,96.072
51.704745,1.776562,96.118
51.728979,1.751383,96.276
51.753601,1.744978,96.321
51.779064,1.737005,96.368
51.803628,1.72977,96.413
51.829041,1.724412,96.46
51.854653,1.71858,96.506
51.879275,1.712869,96.552
51.904219,1.707981,96.598
51.929045,1.703944,96.644
51.953355,1.699686,96.69
51.978388,1.694029,96.737
52.064877,1.675249,96.783
52.089579,1.668484,96.941
52.114327,1.66566,96.987
52.139994,1.662542,97.033
52.164285,1.65679,97.079
52.189491,1.652163,97.124
52.214278,1.648369,97.171
52.299741,1.644512,97.217
52.325188,1.624493,97.376
52.35064,1.619696,97.422
52.375361,1.616337,97.469
52.400724,1.610826,97.515
52.42598,1.606309,97.561
52.450394,1.601211,97.607
52.475331,1.596544,97.653
52.500052,1.590532,97.699
52.525062,1.585281,97.745
52.550721,1.580603,97.792
52.576153,1.57494,97.838
52.661044,1.560993,97.885
52.686338,1.552159,98.041
52.711432,1.547501,98.087
52.735231,1.542884,98.133
52.761048,1.53887,98.18
52.786184,1.535658,98.226
52.81031,1.531638,98.272
52.896534,1.526752,98.318
52.922031,1.51218,98.476
52.946807,1.509477,98.522
52.972151,1.50641,98.568
52.996918,1.504412,98.615
53.020741,1.502211,98.66
53.045881,1.502791,98.707
53.07139,1.503697,98.753
53.095808,1.501846,98.799
53.121494,1.499828,98.845
53.146857,1.498872,98.892
53.172562,1.498542,98.938
53.371698,1.490155,98.985
53.397299,1.487522,99.354
53.492689,1.487762,99.399
53.517545,1.491565,99.576
53.543339,1.492176,99.622
53.567476,1.491866,99.669
53.591844,1.493412,99.715
53.616889,1.493768,99.761
53.642359,1.493132,99.807
53.667204,1.493788,99.853
53.692221,1.496199,99.898
53.717619,1.499263,99.945
53.742121,1.503366,99.991
53.766436,1.505889,100.037
53.85133,1.508011,100.084
53.87652,1.505558,100.24
53.902241,1.507375,100.287
53.927439,1.511234,100.333
53.952198,1.513731,100.379
53.977354,1.515028,100.426
54.003347,1.516124,100.472
54.203113,1.517025,100.518
54.22825,1.51748,100.889
54.25372,1.516824,100.935
54.277954,1.518061,100.981
54.302349,1.519126,101.028
54.327551,1.520303,101.074
54.353041,1.520613,101.12
54.447751,1.530778,101.165
54.47374,1.527505,101.341
54.498469,1.527835,101.387
54.523018,1.529573,101.433
54.54805,1.529814,101.479
54.573095,1.530314,101.525
54.597405,1.530878,101.572
54.683537,1.530638,101.618
54.708861,1.533908,101.776
54.733679,1.537813,101.823
54.759637,1.541009,101.869
54.78462,1.546187,101.915
54.809396,1.548455,101.962
54.835016,1.552259,102.008
54.859945,1.554886,102.054
54.883864,1.557094,102.1
54.908827,1.560038,102.146
54.934371,1.562778,102.193
54.959131,1.567395,102.238
55.044271,1.592306,102.285
55.069673,1.596954,102.441
55.093956,1.606399,102.487
55.11935,1.616437,102.533
55.143756,1.624728,102.58
55.168148,1.633323,102.626
55.194333,1.643017,102.672
55.27917,1.654011,102.718
55.304406,1.690676,102.876
55.330115,1.702039,102.922
55.355286,1.713399,102.969
55.379746,1.723003,103.015
55.404545,1.730934,103.061
55.429312,1.741572,103.107
55.454157,1.756038,103.154
55.47947,1.769355,103.199
55.504533,1.784249,103.246
55.529358,1.799408,103.292
55.553942,1.812911,103.337
55.640035,1.865485,103.383
55.663661,1.875309,103.541
55.689151,1.887631,103.587
55.714288,1.900458,103.634
55.73899,1.913505,103.68
55.764603,1.926412,103.726
55.789601,1.939139,103.772
55.875252,1.95066,103.818
55.900562,1.988991,103.976
55.924634,1.999322,104.022
55.949136,2.010955,104.067
55.974319,2.020701,104.114
55.999874,2.030729,104.16
56.024161,2.041939,104.206
56.049982,2.052077,104.252
56.075072,2.061958,104.297
56.099717,2.071946,104.344
56.124408,2.081261,104.39
56.14944,2.088847,104.436
56.350163,2.149713,104.482
56.375046,2.152715,104.854
56.471308,2.158184,104.9
56.495065,2.174159,105.076
56.520332,2.178983,105.122
56.545349,2.183527,105.168
56.570651,2.188191,105.214
56.595553,2.192421,105.26
56.621262,2.198141,105.307
56.646364,2.204917,105.353
56.670471,2.209331,105.399
56.695534,2.214596,105.445
56.720041,2.217349,105.491
56.74505,2.2232,105.537
56.831051,2.244674,105.583
56.855227,2.247216,105.741
56.880863,2.254764,105.787
56.906572,2.260934,105.833
56.930982,2.268927,105.879
56.955135,2.275563,105.925
56.980191,2.283981,105.971
57.181759,2.291883,106.018
57.205504,2.351825,106.388
57.231175,2.358756,106.435
57.255946,2.36326,106.48
57.281282,2.367874,106.527
57.306185,2.372984,106.573
57.331517,2.377664,106.619
57.426792,2.390858,106.665
57.451932,2.389261,106.841
57.477476,2.391181,106.888
57.501022,2.392646,106.933
57.52557,2.39361,106.979
57.551137,2.395022,107.025
57.576354,2.396993,107.071
57.662086,2.397807,107.117
57.68738,2.394835,107.275
57.712313,2.393147,107.322
57.737449,2.390778,107.369
57.762662,2.389792,107.415
57.786189,2.388397,107.46
57.810895,2.386732,107.506
57.836839,2.384614,107.552
57.861771,2.38089,107.599
57.886896,2.379355,107.645
57.911668,2.37857,107.691
57.937503,2.379265,107.737
58.022479,2.37414,107.783
58.047473,2.369131,107.941
58.07171,2.366928,107.986
58.096605,2.364972,108.033
58.122394,2.362599,108.08
58.147573,2.361764,108.125
58.172705,2.359803,108.172
58.258514,2.359732,108.218
58.282771,2.355243,108.376
58.307312,2.354012,108.422
58.331922,2.353191,108.468
58.356943,2.349532,108.513
58.382003,2.347731,108.56
58.407585,2.344573,108.606
58.433067,2.34142,108.653
58.457946,2.338342,108.699
58.483086,2.336736,108.745
58.508991,2.335054,108.791
58.532468,2.333037,108.838
58.61762,2.330755,108.884
58.642576,2.326672,109.04
58.667301,2.326552,109.087
58.693448,2.327607,109.133
58.7185,2.328873,109.179
58.743556,2.328353,109.226
58.768415,2.328313,109.272
58.852956,2.32976,109.318
58.878588,2.339989,109.475
58.903321,2.342191,109.522
58.928189,2.344113,109.568
58.953283,2.346876,109.614
58.978723,2.348657,109.66
59.004021,2.351169,109.706
59.028358,2.352355,109.752
59.054048,2.352085,109.799
59.078005,2.354157,109.845
59.10283,2.354187,109.891
59.128074,2.356354,109.938
59.327925,2.365828,109.984
59.352942,2.364377,110.352
59.449204,2.364367,110.399
59.474609,2.368691,110.576
59.498916,2.36831,110.621
59.524344,2.368531,110.667
59.549469,2.370297,110.714
59.574068,2.373876,110.76
59.598113,2.374991,110.806
59.623722,2.375192,110.852
59.648501,2.376038,110.898
59.673177,2.376269,110.945
59.699101,2.376733,110.99
59.72431,2.377324,111.037
59.809716,2.381241,111.083
59.834818,2.375978,111.241
59.859262,2.376098,111.287
59.883581,2.377234,111.333
59.908948,2.37885,111.379
59.933289,2.37899,111.425
59.959094,2.3789,111.471
60.159463,2.38055,111.517
60.184061,2.380831,111.888
60.209559,2.382105,111.934
60.234741,2.382684,111.981
60.2603,2.382694,112.027
60.284415,2.384174,112.073
60.309102,2.384544,112.119
60.405053,2.387041,112.165
60.429275,2.385307,112.341
60.454611,2.385768,112.387
60.479521,2.38882,112.433
60.504461,2.389721,112.479
60.529736,2.390907,112.525
60.555284,2.393459,112.571
60.640605,2.394253,112.617
60.665718,2.404258,112.776
60.690678,2.406856,112.822
60.714366,2.40992,112.868
60.740409,2.410904,112.915
60.765753,2.415287,112.961
60.790482,2.418599,113.007
60.815876,2.421844,113.053
60.841254,2.424382,113.099
60.866567,2.427885,113.145
60.890382,2.431787,113.192
60.915388,2.436136,113.238
60.999653,2.457433,113.284
61.025104,2.461227,113.441
61.05031,2.468678,113.487
61.074966,2.47457,113.532
61.10039,2.481846,113.579
61.125619,2.487973,113.624
61.149929,2.49244,113.671
61.235661,2.499046,113.717
61.260291,2.515013,113.876
61.285466,2.519929,113.921
61.310809,2.524177,113.968
61.336272,2.528924,114.014
61.360694,2.533352,114.06
61.386157,2.539424,114.106
61.410771,2.54461,114.152
61.434936,2.550352,114.198
61.4595,2.553706,114.244
61.484963,2.557388,114.29
61.510514,2.56262,114.336
61.596611,2.577796,114.383
61.621721,2.577511,114.541
61.64693,2.579572,114.588
61.672043,2.5817,114.634
61.697283,2.583858,114.68
61.720899,2.586706,114.726
61.745605,2.58975,114.772
61.831659,2.592129,114.818
61.856727,2.603035,114.976
61.881921,2.606313,115.022
61.907395,2.609321,115.068
61.931809,2.611589,115.115
61.956877,2.614045,115.16
61.982017,2.616858,115.207
62.005217,2.620026,115.252
62.030853,2.622829,115.298
62.056458,2.626476,115.344
62.081491,2.630841,115.39
62.106658,2.63466,115.437
62.307315,2.659236,115.483
62.332252,2.658481,115.854
62.427281,2.661479,115.9
62.452913,2.661999,116.076
62.477957,2.66354,116.122
62.501937,2.665157,116.168
62.526455,2.665488,116.213
62.5513,2.666183,116.26
62.576432,2.666063,116.306
62.601688,2.668575,116.352
62.627619,2.668795,116.398
62.652356,2.670787,116.445
62.677358,2.670867,116.49
62.702906,2.672394,116.537
62.787297,2.675026,116.582
62.81231,2.67349,116.74
62.837451,2.674796,116.787
62.862422,2.677609,116.833
62.887547,2.680747,116.879
62.913006,2.684465,116.925
62.938473,2.689535,116.972
63.138058,2.692728,117.018
63.163579,2.733035,117.388
63.188546,2.737585,117.434
63.213037,2.742485,117.481
63.23802,2.746754,117.526
63.26248,2.751488,117.573
63.287786,2.756042,117.619
63.383621,2.773143,117.665
63.408819,2.771471,117.841
63.43346,2.776426,117.888
63.458808,2.780025,117.934
63.484332,2.783043,117.98
63.509384,2.78608,118.027
63.534075,2.790109,118.072
63.618451,2.795639,118.119
63.643299,2.80846,118.276
63.668701,2.811963,118.322
63.694394,2.81354,118.368
63.719058,2.817021,118.414
63.744191,2.820593,118.461
63.769546,2.824381,118.506
63.793945,2.827744,118.553
63.818897,2.832362,118.599
63.843764,2.836225,118.645
63.867921,2.839217,118.691
63.893288,2.842355,118.737
63.980023,2.853239,118.782
64.004368,2.852804,118.941
64.03005,2.856327,118.988
64.055217,2.858746,119.034
64.078755,2.862269,119.08
64.103611,2.862854,119.126
64.128947,2.866083,119.172
64.21451,2.867077,119.218
64.239558,2.868706,119.376
64.265217,2.868906,119.422
64.289478,2.869197,119.468
64.314564,2.867321,119.514
64.339048,2.866317,119.559
64.362878,2.864818,119.605
64.388687,2.862764,119.651
64.413885,2.861115,119.698
64.438986,2.858937,119.744
64.463881,2.856497,119.791
64.490128,2.853989,119.837
64.575007,2.846794,119.883
64.601207,2.837557,120.041
64.624995,2.834294,120.088
64.648945,2.828928,120.133
64.67493,2.823931,120.18
64.699748,2.819461,120.225
64.724488,2.815905,120.271
64.810574,2.811531,120.318
64.83606,2.800904,120.476
64.860747,2.797565,120.522
64.88581,2.79205,120.568
64.909821,2.785915,120.614
64.9345,2.780339,120.66
64.959886,2.775419,120.705
64.985257,2.769449,120.751
65.009698,2.763824,120.798
65.034892,2.758695,120.844
65.059971,2.750796,120.889
65.084589,2.744967,120.936
65.285657,2.704869,120.982
65.311312,2.697672,121.354
65.406771,2.693824,121.4
65.430997,2.67372,121.576
65.455677,2.668245,121.622
65.480049,2.662534,121.668
65.505581,2.657265,121.714
65.531113,2.653477,121.76
65.556345,2.648532,121.806
65.580971,2.643577,121.852
65.605834,2.639062,121.898
65.631021,2.632872,121.944
65.654916,2.628899,121.99
65.680256,2.622507,122.037
65.765996,2.606243,122.083
65.791267,2.594757,122.241
65.817083,2.589599,122.288
65.842032,2.584306,122.335
65.866749,2.577986,122.381
65.892189,2.573078,122.427
65.918221,2.566513,122.473
66.116661,2.559606,122.519
66.142363,2.512162,122.889
66.166742,2.507974,122.934
66.190853,2.502587,122.981
66.216531,2.498639,123.027
66.241986,2.493863,123.073
66.267434,2.487481,123.119
66.362409,2.471745,123.165
66.388033,2.462686,123.341
66.412889,2.459103,123.388
66.437284,2.454029,123.434
66.461941,2.450258,123.479
66.486843,2.443936,123.526
66.511284,2.439817,123.57
66.597876,2.433026,123.617
66.622609,2.419375,123.776
66.647611,2.414467,123.822
66.672759,2.40981,123.867
66.698145,2.406647,123.914
66.721864,2.403453,123.96
66.746728,2.399381,124.006
66.771661,2.395928,124.052
66.796271,2.391088,124.097
66.821565,2.386126,124.143
66.846958,2.382878,124.189
66.871937,2.380499,124.235
66.958661,2.374811,124.282
66.983486,2.368911,124.441
67.007927,2.367725,124.488
67.032783,2.364821,124.534
67.058061,2.363666,124.58
67.083425,2.363335,124.627
67.108672,2.362629,124.672
67.193513,2.36313,124.719
67.218907,2.363876,124.876
67.244162,2.365653,124.922
67.268135,2.36861,124.968
67.292576,2.369686,125.014
67.3181,2.36829,125.06
67.342987,2.368721,125.106
67.367897,2.369071,125.152
67.393275,2.36827,125.198
67.418024,2.36878,125.244
67.442426,2.367574,125.29
67.467267,2.367815,125.336
67.554259,2.366709,125.383
67.578308,2.362259,125.542
67.604286,2.361604,125.588
67.629449,2.358751,125.634
67.65409,2.357735,125.68
67.679714,2.356969,125.726
67.704655,2.357159,125.772
67.790241,2.357129,125.819
67.814936,2.356043,125.976
67.839699,2.355333,126.022
67.86434,2.356388,126.069
67.889373,2.355923,126.115
67.915036,2.357069,126.161
67.939538,2.356659,126.207
67.965178,2.355633,126.252
67.990172,2.354768,126.299
68.013983,2.353581,126.345
68.038962,2.354827,126.391
68.063956,2.354878,126.437
68.264433,2.370076,126.483
68.289543,2.368015,126.853
68.385117,2.369245,126.9
68.409727,2.374931,127.075
68.43486,2.3787,127.122
68.46043,2.379565,127.168
68.486032,2.380499,127.215
68.510488,2.380016,127.261
68.535728,2.38075,127.306
68.560361,2.381814,127.353
68.584388,2.384723,127.399
68.610143,2.389671,127.445
68.635314,2.392081,127.491
68.660123,2.392585,127.537
68.746293,2.404229,127.583
68.771795,2.403868,127.741
68.796536,2.408365,127.788
68.821561,2.411245,127.834
68.84571,2.416816,127.88
68.870243,2.422998,127.926
68.895452,2.42872,127.972
69.095384,2.433247,128.018
69.120685,2.475683,128.389
69.146386,2.480271,128.434
69.171519,2.485313,128.481
69.196267,2.490031,128.527
69.221446,2.497077,128.573
69.246525,2.502828,128.618
69.3416,2.52498,128.664
69.367155,2.5278,128.842
69.391604,2.533241,128.888
69.416045,2.538932,128.934
69.441139,2.545425,128.98
69.467055,2.549088,129.027
69.492188,2.554179,129.073
69.57709,2.559507,129.119
69.602691,2.575387,129.276
69.626595,2.578447,129.322
69.651159,2.582493,129.368
69.676629,2.585856,129.413
69.700709,2.58986,129.46
69.726111,2.594607,129.506
69.751981,2.597639,129.552
69.777106,2.602494,129.598
69.801424,2.604421,129.644
69.82701,2.610756,129.69
69.852043,2.614565,129.737
69.936914,2.628938,129.783
69.9622,2.628133,129.941
69.986411,2.631736,129.988
70.012005,2.635674,130.034
70.037713,2.637877,130.079
70.062562,2.640148,130.126
70.087341,2.641325,130.172
70.17308,2.643617,130.218
70.197506,2.649062,130.376
70.222385,2.651094,130.422
70.248094,2.651705,130.469
70.272374,2.653737,130.515
70.297675,2.655818,130.561
70.323354,2.658761,130.607
70.348755,2.660362,130.654
70.373457,2.660362,130.7
70.397775,2.662965,130.745
70.422624,2.664867,130.792
70.447226,2.667449,130.838
70.533404,2.676688,130.884
70.557999,2.676798,131.042
70.583008,2.67939,131.087
70.609047,2.682918,131.134
70.633742,2.685201,131.18
70.65753,2.687532,131.226
70.682455,2.691481,131.272
70.767603,2.692467,131.318
70.793174,2.70011,131.476
70.818329,2.70079,131.522
70.843093,2.703082,131.568
70.868157,2.70533,131.613
70.893458,2.706255,131.66
70.917692,2.706736,131.705
70.941718,2.708062,131.752
70.967604,2.709483,131.798
70.992567,2.709844,131.844
71.017346,2.713332,131.891
71.042686,2.714868,131.937
71.243709,2.748039,131.983
71.267958,2.749296,132.354
71.364508,2.754355,132.4
71.389456,2.770225,132.576
71.414105,2.774829,132.622
71.439514,2.778778,132.667
71.46437,2.783172,132.714
71.48888,2.78623,132.76
71.513329,2.791555,132.807
71.539268,2.794242,132.853
71.56394,2.799848,132.899
71.58868,2.804863,132.945
71.614481,2.808872,132.991
71.639314,2.81344,133.036
71.724931,2.830686,133.084
71.749518,2.832522,133.241
71.77442,2.837793,133.288
71.798892,2.843785,133.334
71.824701,2.849877,133.38
71.849634,2.855393,133.426
71.874636,2.862574,133.473
72.07482,2.87,133.519
72.099945,2.929133,133.888
72.124801,2.937592,133.933
72.149903,2.946658,133.979
72.173914,2.953624,134.026
72.198524,2.963467,134.072
72.223964,2.972922,134.118
72.320199,3.006881,134.165
72.344587,3.012011,134.341
72.370219,3.019746,134.388
72.395205,3.027591,134.434
72.42033,3.034558,134.48
72.444979,3.040919,134.526
72.471072,3.048841,134.572
72.555497,3.056623,134.619
72.580054,3.07971,134.775
72.605594,3.087892,134.822
72.629912,3.094133,134.868
72.655674,3.102851,134.915
72.681053,3.108642,134.961
72.705655,3.115558,135.007
72.730211,3.119156,135.053
72.756251,3.125227,135.099
72.780407,3.131228,135.145
72.804403,3.137704,135.191
72.830596,3.145606,135.237
72.915367,3.17115,135.284
72.941184,3.175724,135.441
72.96637,3.18102,135.488
72.990565,3.189757,135.533
73.015913,3.197165,135.579
73.040047,3.206303,135.625
73.064649,3.215416,135.671
73.150881,3.224615,135.718
73.176175,3.255153,135.876
73.200708,3.264077,135.922
73.226501,3.275257,135.968
73.251388,3.286065,136.014
73.276252,3.29745,136.06
73.301546,3.309722,136.107
73.325879,3.319973,136.153
73.350159,3.329836,136.199
73.374938,3.341679,136.244
73.400654,3.354442,136.291
73.42644,3.366931,136.337
73.511619,3.423009,136.383
73.537405,3.433509,136.541
73.561807,3.450159,136.588
73.586963,3.465195,136.634
73.612526,3.479898,136.68
73.636245,3.494637,136.727
73.661231,3.509826,136.773
73.74694,3.525726,136.819
73.772073,3.587623,136.976
73.797805,3.60451,137.023
73.822361,3.620249,137.069
73.846533,3.636014,137.115
73.872403,3.651283,137.161
73.89706,3.667124,137.207
73.921224,3.682182,137.253
73.946472,3.696998,137.299
73.972004,3.711721,137.345
73.997859,3.725732,137.392
74.022515,3.740999,137.438
74.222784,3.85457,137.484
74.248163,3.86476,137.854
74.342784,3.878783,137.9
74.367948,3.943096,138.076
74.392735,3.959951,138.122
74.417214,3.975411,138.169
74.442347,3.988684,138.215
74.467618,4.004628,138.26
74.492243,4.020088,138.307
74.517391,4.035247,138.353
74.542946,4.04951,138.399
74.56761,4.063894,138.445
74.59272,4.078662,138.491
74.616976,4.094253,138.537
74.702078,4.146791,138.583
74.727341,4.156285,138.741
74.752597,4.172093,138.787
74.777461,4.187838,138.833
74.80247,4.202771,138.879
74.828387,4.217817,138.925
74.852805,4.232218,138.971
75.054288,4.245851,139.017
75.080258,4.37001,139.389
75.104576,4.386751,139.435
75.128541,4.404322,139.48
75.153696,4.421243,139.526
75.178291,4.439436,139.573
75.203531,4.457633,139.618
75.300097,4.530354,139.664
75.325122,4.544751,139.842
75.350232,4.564856,139.888
75.374949,4.584194,139.934
75.40062,4.60129,139.98
75.424892,4.621809,140.026
75.449279,4.641743,140.072
75.534366,4.663665,140.118
75.559506,4.733282,140.276
75.585238,4.755466,140.322
75.61034,4.777411,140.369
75.634819,4.797835,140.414
75.660151,4.819656,140.46
75.685561,4.840766,140.507
75.709433,4.862806,140.553
75.734873,4.884621,140.6
75.760428,4.909179,140.646
75.785315,4.931445,140.692
75.810186,4.954696,140.738
75.895818,5.034561,140.784
75.920659,5.055373,140.942
75.946091,5.077936,140.988
75.970717,5.101953,141.034
75.995135,5.12763,141.08
76.020728,5.152915,141.127
76.045838,5.180163,141.173
76.130348,5.209255,141.219
76.156149,5.296571,141.376
76.181497,5.321619,141.422
76.205508,5.346057,141.468
76.230763,5.372237,141.514
76.255396,5.398335,141.561
76.279807,5.425725,141.606
76.305201,5.4518,141.652
76.330341,5.479561,141.698
76.355297,5.506949,141.744
76.380114,5.534185,141.791
76.406284,5.562003,141.837
76.491148,5.658284,141.884
76.516603,5.683283,142.041
76.54129,5.711234,142.088
76.565793,5.738503,142.134
76.591294,5.76592,142.181
76.616296,5.794817,142.226
76.641505,5.826319,142.273
76.727099,5.85999,142.318
76.751855,5.974187,142.476
76.775782,6.009903,142.522
76.800914,6.047053,142.568
76.825686,6.08262,142.614
76.85058,6.116663,142.66
76.876104,6.15119,142.706
76.901375,6.188875,142.752
76.9265,6.226576,142.799
76.951786,6.265672,142.845
76.976281,6.304425,142.891
77.000738,6.343194,142.937
77.202398,6.650892,142.983
77.227492,6.686284,143.354
77.321706,6.726112,143.4
77.346547,6.88377,143.576
77.371864,6.924272,143.623
77.39672,6.96425,143.669
77.422337,7.003798,143.715
77.447108,7.043865,143.76
77.472571,7.085468,143.807
77.497296,7.126471,143.853
77.522122,7.170437,143.899
77.546086,7.214713,143.944
77.571211,7.263975,143.991
77.596405,7.312891,144.037
77.682437,7.482905,144.083
77.707762,7.529425,144.242
77.733494,7.577713,144.288
77.758811,7.625281,144.335
77.782952,7.672476,144.381
77.808692,7.719664,144.427
77.833163,7.766466,144.473
78.032557,7.812838,144.519
78.057597,8.153688,144.888
78.082115,8.197598,144.935
78.107586,8.242014,144.98
78.13235,8.286882,145.027
78.158074,8.329876,145.072
78.183314,8.37234,145.119
78.278635,8.537918,145.165
78.30399,8.580787,145.341
78.328631,8.626904,145.388
78.352749,8.673618,145.434
78.377736,8.721078,145.48
78.402584,8.766655,145.525
78.427571,8.814141,145.571
78.513864,8.859281,145.618
78.538436,9.029095,145.776
78.563968,9.077427,145.822
78.589331,9.124505,145.868
78.613849,9.172485,145.915
78.638082,9.220776,145.961
78.6631,9.269086,146.007
78.688893,9.318418,146.053
78.71348,9.367616,146.099
78.738421,9.419157,146.144
78.763661,9.471705,146.191
78.788401,9.52652,146.237
78.874533,9.711792,146.283
78.898659,9.764701,146.441
78.923323,9.820819,146.488
78.949301,9.874316,146.534
78.974057,9.932469,146.58
78.998936,9.989688,146.625
79.024199,10.044602,146.672
79.109693,10.098196,146.718
79.134587,10.291039,146.875
79.159566,10.349333,146.921
79.182985,10.410624,146.967
79.20831,10.471522,147.013
79.234196,10.533407,147.06
79.259512,10.593748,147.106
79.283969,10.654778,147.152
79.309616,10.71663,147.198
79.334457,10.777979,147.244
79.358691,10.841222,147.291
79.383324,10.901954,147.337
79.469363,11.132778,147.383
79.494135,11.202374,147.542
79.520251,11.275639,147.587
79.545268,11.350653,147.633
79.570162,11.425955,147.68
79.595625,11.502123,147.726
79.620604,11.574964,147.773
79.704838,11.6466,147.819
79.729909,11.883899,147.976
79.754565,11.957066,148.022
79.77969,12.030685,148.068
79.805929,12.104873,148.115
79.830186,12.174618,148.161
79.855042,12.241191,148.207
79.880574,12.30549,148.253
79.905207,12.373666,148.299
79.929487,12.443691,148.345
79.954796,12.517063,148.391
79.980251,12.594548,148.437
80.179537,13.231083,148.483
80.205569,13.309229,148.854
80.300728,13.387528,148.9
80.325661,13.69346,149.076
80.350955,13.771386,149.122
80.376533,13.849879,149.169
80.401881,13.927923,149.215
80.42593,14.00486,149.261
80.451055,14.081336,149.307
80.475051,14.161335,149.353
80.500437,14.237076,149.399
80.525984,14.313387,149.445
80.550425,14.389359,149.491
80.575873,14.468708,149.537
80.661666,14.745771,149.584
80.686983,14.82248,149.742
80.711063,14.902816,149.787
80.736058,14.986533,149.834
80.760445,15.073503,149.88
80.785416,15.165403,149.926
80.811125,15.261948,149.971
81.011025,15.362303,150.018
81.036458,16.10776,150.388
81.062113,16.204947,150.435
81.087207,16.299763,150.48
81.111809,16.393001,150.526
81.135966,16.485665,150.573
81.16096,16.576878,150.619
81.256374,16.992003,150.665
81.281552,17.107563,150.841
81.306616,17.225328,150.887
81.331349,17.339954,150.933
81.356205,17.454053,150.979
81.38176,17.560303,151.024
81.407223,17.669438,151.071
81.492233,17.781913,151.118
81.517949,18.156679,151.277
81.542306,18.257569,151.323
81.567246,18.361485,151.369
81.59274,18.469109,151.415
81.617358,18.580544,151.461
81.642705,18.693278,151.508
81.667915,18.8038,151.554
81.693647,18.916484,151.6
81.717796,19.031306,151.646
81.743389,19.14465,151.693
81.767615,19.257281,151.739
81.852433,19.606789,151.784
81.877581,19.707415,151.942
81.902767,19.813808,151.988
81.927869,19.91905,152.035
81.953747,20.023091,152.081
81.978949,20.126178,152.127
82.002706,20.226034,152.172
82.087916,20.327769,152.218
82.11248,20.654244,152.376
82.137896,20.762447,152.422
82.16329,20.868776,152.468
82.187747,20.981461,152.514
82.21334,21.098214,152.561
82.238289,21.219173,152.606
82.262837,21.340573,152.652
82.28694,21.46291,152.699
82.311919,21.585271,152.745
82.337513,21.710817,152.791
82.362445,21.838769,152.837
82.448439,22.274016,152.884
82.473272,22.401692,153.041
82.498735,22.537256,153.088
82.524036,22.673942,153.133
82.547993,22.811172,153.18
82.573064,22.942679,153.226
82.598182,23.077389,153.271
82.683629,23.213199,153.318
82.709499,23.649353,153.476
82.735301,23.773516,153.523
82.759634,23.898167,153.57
82.784997,24.022334,153.615
82.810975,24.151421,153.662
82.835032,24.283139,153.708
82.859135,24.418966,153.754
82.884121,24.562065,153.8
82.909592,24.708778,153.846
82.934095,24.851666,153.891
82.95988,24.99121,153.938
83.159596,26.065708,153.984
83.184606,26.199426,154.354
83.280634,26.329157,154.4
83.305544,26.855842,154.576
83.330661,26.999926,154.622
83.356039,27.15055,154.669
83.381241,27.301506,154.716
83.405167,27.460669,154.762
83.430231,27.623944,154.808
83.455663,27.784234,154.854
83.480849,27.946383,154.901
83.505605,28.108112,154.947
83.53123,28.264597,154.993
83.556255,28.418903,155.04
83.640051,28.89394,155.086
83.665406,29.02764,155.242
83.689824,29.171749,155.288
83.715079,29.323208,155.335
83.740589,29.478724,155.381
83.765483,29.639873,155.426
83.790408,29.804045,155.472
83.991123,29.970135,155.518
84.016087,31.38139,155.889
84.040973,31.56031,155.934
84.066444,31.74371,155.981
84.090854,31.925486,156.027
84.115119,32.10991,156.073
84.140758,32.294036,156.119
84.236049,33.000233,156.166
84.261181,33.179811,156.342
84.286006,33.36285,156.388
84.311477,33.549661,156.434
84.336195,33.740798,156.48
84.361212,33.930502,156.526
84.386206,34.113195,156.571
84.470632,34.292467,156.618
84.496095,34.920596,156.776
84.521827,35.116016,156.823
84.546791,35.306655,156.87
84.572738,35.497124,156.916
84.597524,35.689552,156.962
84.609572,35.981667,157.007
84.647275,36.078249,157.054
84.672707,36.2731,157.1
84.696679,36.463872,157.146
84.72152,36.650555,157.193
84.747221,36.842534,157.238
84.832154,37.510541,157.285
84.857825,37.704467,157.442
84.88275,37.907055,157.488
84.907513,38.105364,157.534
84.931732,38.299628,157.58
84.957256,38.496055,157.625
84.981482,38.698256,157.672
85.06726,38.895255,157.719
85.092854,39.567826,157.876
85.117295,39.767119,157.922
85.143203,39.967199,157.969
85.168567,40.168329,158.015
85.192232,40.360024,158.061
85.217572,40.549302,158.107
85.241967,40.746626,158.154
85.266961,40.950845,158.199
