Current,Voltage,Time
-0.018781,-0.551725,0.045
-0.018375,-0.547962,0.096
-0.018719,-0.545035,0.142
-0.01883,-0.54188,0.188
-0.018455,-0.538568,0.233
-0.019345,-0.534624,0.279
-0.018276,-0.529947,0.325
-0.018399,-0.52736,0.37
-0.008084,-0.499551,0.757
0.020346,-0.492951,0.803
0.046816,-0.487004,0.849
0.070982,-0.482831,0.895
0.097356,-0.477119,0.941
0.120107,-0.472893,0.987
0.145505,-0.46639,1.032
0.169138,-0.459645,1.078
0.195408,-0.453704,1.123
0.219396,-0.447294,1.17
0.245428,-0.441422,1.216
0.270891,-0.434584,1.262
0.29426,-0.428545,1.308
0.319267,-0.422068,1.354
0.344157,-0.41746,1.4
0.368361,-0.412903,1.445
0.453019,-0.410124,1.491
0.547505,-0.37578,1.646
0.572247,-0.368824,1.82
0.596433,-0.361948,1.866
0.621156,-0.355162,1.912
0.645678,-0.349342,1.958
0.659182,-0.337926,2.004
0.696463,-0.335534,2.05
0.721592,-0.33071,2.096
0.746925,-0.325581,2.142
0.771728,-0.319109,2.188
0.796015,-0.315381,2.234
0.82058,-0.309942,2.28
0.845128,-0.304542,2.326
0.870524,-0.300753,2.371
0.895274,-0.296634,2.417
0.920396,-0.292341,2.463
0.945575,-0.287791,2.509
0.970036,-0.283913,2.555
1.053393,-0.278999,2.601
1.142877,-0.254027,2.756
1.167385,-0.248391,2.92
1.191877,-0.241436,2.966
1.217105,-0.235345,3.012
1.24216,-0.229465,3.058
1.266971,-0.22326,3.103
1.292091,-0.216013,3.15
1.317025,-0.209337,3.195
1.341241,-0.203277,3.241
1.365727,-0.198162,3.287
1.390953,-0.189309,3.333
1.41589,-0.18256,3.379
1.44088,-0.175099,3.425
1.466096,-0.167412,3.471
1.490488,-0.160487,3.516
1.515538,-0.152862,3.562
1.539826,-0.146906,3.608
1.564716,-0.14126,3.654
1.649108,-0.135666,3.7
1.73781,-0.09748,3.855
1.763201,-0.093502,4.02
1.78854,-0.089541,4.066
1.813371,-0.085452,4.112
1.838562,-0.082668,4.158
1.86393,-0.077317,4.205
1.888427,-0.07253,4.251
1.91279,-0.067204,4.297
1.937845,-0.063879,4.343
1.962578,-0.060186,4.389
1.987824,-0.055251,4.435
2.01243,-0.053201,4.481
2.038271,-0.049224,4.526
2.062776,-0.045681,4.572
2.086844,-0.043588,4.618
2.111728,-0.03956,4.664
2.136203,-0.036941,4.71
2.161622,-0.033959,4.755
2.245283,-0.03152,4.801
2.448718,-0.020931,4.956
2.473739,-0.021306,5.333
2.498648,-0.02038,5.378
2.524152,-0.021186,5.424
2.548851,-0.021101,5.47
2.573731,-0.021246,5.516
2.597914,-0.021715,5.561
2.622467,-0.022581,5.607
2.647694,-0.023765,5.653
2.673074,-0.023545,5.7
2.697984,-0.023944,5.746
2.722987,-0.024174,5.792
2.748122,-0.023484,5.837
2.949847,-0.02329,5.883
2.975198,-0.011206,6.256
2.999915,-0.008299,6.303
3.025328,-0.00692,6.349
3.049788,-0.00389,6.395
3.073744,-0.002283,6.441
3.098954,0.001086,6.486
3.123782,0.004773,6.532
3.149057,0.007793,6.578
3.173917,0.010555,6.624
3.198798,0.010655,6.67
3.223965,0.01247,6.716
3.247631,0.014188,6.762
3.272691,0.016332,6.808
3.297294,0.017257,6.854
3.322981,0.019835,6.899
3.347952,0.023963,6.946
3.431838,0.027556,6.992
3.526044,0.054971,7.145
3.550327,0.061427,7.32
3.575469,0.063363,7.367
3.600414,0.068128,7.413
3.625983,0.073768,7.459
3.650311,0.078022,7.505
3.675978,0.085579,7.551
3.700669,0.091279,7.597
3.725259,0.096699,7.642
3.749347,0.100828,7.688
3.774321,0.105031,7.734
3.799041,0.10851,7.78
3.823986,0.112879,7.826
3.849494,0.117553,7.872
3.87464,0.123474,7.918
3.899114,0.128318,7.964
3.923556,0.133022,8.009
3.948047,0.139132,8.055
4.032149,0.144008,8.101
4.121043,0.180636,8.256
4.146195,0.189159,8.42
4.171308,0.221234,8.466
4.196117,0.202266,8.512
4.221318,0.212411,8.557
4.245663,0.219837,8.603
4.269867,0.22822,8.649
4.294675,0.236693,8.695
4.319868,0.244228,8.741
4.344664,0.251125,8.787
4.369941,0.258951,8.833
4.395125,0.266341,8.879
4.419818,0.273718,8.925
4.444479,0.281568,8.97
4.468611,0.286696,9.016
4.493511,0.292717,9.062
4.518569,0.300212,9.108
4.543837,0.308372,9.154
4.627791,0.314649,9.2
4.717047,0.351408,9.355
4.742533,0.355051,9.52
4.767154,0.359869,9.566
4.792307,0.363731,9.612
4.816158,0.367859,9.658
4.841167,0.371242,9.703
4.865834,0.373991,9.75
4.890943,0.378738,9.795
4.9163,0.38246,9.841
4.941287,0.386618,9.887
4.966531,0.390895,9.933
4.991043,0.395933,9.979
5.015196,0.40109,10.025
5.040045,0.403428,10.071
5.065174,0.406117,10.117
5.090021,0.409489,10.163
5.115403,0.411678,10.209
5.140178,0.415916,10.255
5.223038,0.420068,10.301
5.427939,0.444904,10.455
5.453042,0.44439,10.833
5.477956,0.447048,10.878
5.502843,0.449148,10.924
5.526838,0.451456,10.969
5.551664,0.453024,11.016
5.576249,0.454639,11.061
5.601373,0.456172,11.107
5.626262,0.458582,11.153
5.65085,0.46173,11.198
5.675832,0.463117,11.244
5.700494,0.465944,11.29
5.725155,0.468446,11.336
5.928975,0.470043,11.382
5.953952,0.49298,11.757
5.978485,0.498369,11.803
6.002747,0.503594,11.848
6.027631,0.508734,11.895
6.052596,0.514423,11.94
6.078062,0.519298,11.986
6.102917,0.523126,12.033
6.128037,0.528132,12.079
6.153029,0.534648,12.124
6.177332,0.538375,12.17
6.201824,0.54269,12.216
6.226639,0.547875,12.262
6.252148,0.553474,12.309
6.277069,0.557959,12.355
6.302186,0.563604,12.401
6.327506,0.568759,12.446
6.410194,0.574264,12.492
6.503946,0.612394,12.647
6.529182,0.61938,12.821
6.554774,0.626767,12.867
6.57919,0.632948,12.912
6.604506,0.638838,12.957
6.629297,0.646169,13.004
6.653664,0.65232,13.05
6.678296,0.657114,13.096
6.70283,0.660462,13.142
6.728475,0.661464,13.188
6.753289,0.665917,13.234
6.77826,0.669413,13.28
6.803812,0.67393,13.326
6.828488,0.675845,13.372
6.852536,0.679019,13.418
6.876827,0.681851,13.463
6.902555,0.685154,13.509
6.927137,0.686288,13.556
7.011741,0.685554,13.601
7.099999,0.697558,13.756
7.125569,0.700741,13.921
7.150106,0.705848,13.966
7.175079,0.707897,14.012
7.199381,0.71154,14.058
7.223846,0.711839,14.104
7.249062,0.714177,14.15
7.274181,0.713918,14.196
7.299098,0.716447,14.242
7.323976,0.718255,14.287
7.349209,0.71971,14.332
7.373892,0.721175,14.379
7.397887,0.721888,14.425
7.42291,0.723353,14.471
7.447773,0.723423,14.517
7.472867,0.724618,14.562
7.498704,0.724037,14.608
7.523423,0.723662,14.655
7.606189,0.722738,14.701
7.697014,0.711779,14.854
7.721793,0.708436,15.021
7.745995,0.705438,15.067
7.770163,0.701835,15.111
7.795667,0.698342,15.157
7.82074,0.695893,15.204
7.845808,0.696823,15.25
7.871699,0.696937,15.295
7.896509,0.697757,15.343
7.921393,0.698692,15.389
7.94605,0.699456,15.435
7.970401,0.701835,15.481
7.995016,0.701845,15.526
8.020051,0.702789,15.572
8.045139,0.700721,15.618
8.070484,0.698841,15.664
8.095478,0.696572,15.71
8.119952,0.696063,15.756
8.203488,0.694045,15.802
8.407524,0.667583,15.957
8.432219,0.66263,16.333
8.45625,0.659116,16.378
8.481,0.654532,16.424
8.505986,0.648167,16.47
8.531113,0.643202,16.516
8.556528,0.638538,16.562
8.581429,0.635995,16.608
8.606547,0.631031,16.654
8.631156,0.630115,16.7
8.655101,0.626927,16.746
8.679791,0.628424,16.792
8.704918,0.627352,16.837
8.907667,0.628434,16.883
8.932363,0.632727,17.257
8.957312,0.633913,17.302
8.98197,0.633963,17.348
9.007085,0.634799,17.394
9.032458,0.636626,17.44
9.057157,0.638958,17.486
9.081575,0.643552,17.532
9.106129,0.64624,17.578
9.131026,0.650884,17.624
9.155756,0.653867,17.67
9.180915,0.659427,17.715
9.205921,0.663395,17.761
9.231061,0.670052,17.807
9.256141,0.673709,17.853
9.280161,0.679743,17.899
9.305131,0.6846,17.945
9.389288,0.689861,17.991
9.484163,0.733127,18.146
9.509171,0.740103,18.321
9.534591,0.74511,18.367
9.558979,0.751387,18.413
9.583232,0.756575,18.459
9.608251,0.760531,18.505
9.633111,0.764964,18.551
9.658319,0.769585,18.597
9.683533,0.773694,18.642
9.708323,0.776363,18.688
9.733294,0.780951,18.734
9.757767,0.783908,18.78
9.782299,0.786136,18.826
9.806499,0.788615,18.872
9.832375,0.791419,18.918
9.85686,0.794892,18.964
9.88231,0.796715,19.009
9.907057,0.80005,19.055
9.989642,0.803243,19.102
10.08013,0.825885,19.255
10.104874,0.827844,19.421
10.128923,0.830172,19.466
10.154017,0.830533,19.513
10.178834,0.830861,19.558
10.20368,0.830711,19.604
10.229014,0.833725,19.65
10.254387,0.833865,19.696
10.279038,0.835398,19.742
10.304141,0.835678,19.789
10.328231,0.835914,19.835
10.352691,0.83534,19.881
10.378298,0.834066,19.926
10.403368,0.832711,19.972
10.428413,0.830412,20.018
10.453388,0.828918,20.064
10.478265,0.825164,20.11
10.502542,0.82398,20.155
10.5862,0.821932,20.201
10.674937,0.807025,20.357
10.699553,0.802567,20.52
10.724871,0.801432,20.566
10.749511,0.799268,20.612
10.774633,0.798755,20.658
10.799883,0.795212,20.704
10.824888,0.792198,20.75
10.849052,0.789549,20.796
10.873278,0.785637,20.841
10.898329,0.784262,20.887
10.923386,0.781299,20.933
10.94856,0.778711,20.979
10.973523,0.773339,21.025
10.998731,0.771094,21.071
11.023266,0.768346,21.117
11.047404,0.765409,21.163
11.072163,0.76317,21.208
11.09733,0.759797,21.254
11.181684,0.758453,21.3
11.385452,0.751167,21.454
11.410202,0.751828,21.833
11.435264,0.756495,21.879
11.459992,0.758048,21.925
11.485709,0.759082,21.971
11.510407,0.762157,22.016
11.535365,0.762625,22.061
11.559733,0.764706,22.108
11.584626,0.764626,22.154
11.609133,0.767928,22.2
11.634148,0.768427,22.246
11.659498,0.770487,22.292
11.68481,0.771836,22.337
11.886407,0.774434,22.384
11.911401,0.784393,22.757
11.936966,0.785828,22.804
11.961673,0.785457,22.849
11.986328,0.785928,22.895
12.011375,0.787032,22.941
12.035503,0.788495,22.987
12.06037,0.789609,23.033
12.085394,0.791289,23.079
12.110489,0.793938,23.125
12.135355,0.796277,23.17
12.16006,0.79973,23.216
12.185375,0.801094,23.262
12.209639,0.803721,23.308
12.233934,0.805541,23.354
12.2592,0.80803,23.4
12.283951,0.809663,23.446
12.368836,0.811893,23.492
12.462855,0.820426,23.647
12.487586,0.823895,23.821
12.511599,0.823979,23.866
12.536877,0.827823,23.913
12.561597,0.83255,23.959
12.586439,0.835488,24.004
12.611878,0.84135,24.05
12.636578,0.843818,24.096
12.661385,0.848077,24.142
12.685373,0.850405,24.188
12.710071,0.854802,24.234
12.735527,0.856437,24.28
12.760611,0.862329,24.325
12.78555,0.866265,24.371
12.810972,0.872798,24.418
12.836185,0.877225,24.464
12.861004,0.883685,24.511
12.886275,0.888572,24.556
12.969303,0.894473,24.603
13.057897,0.939855,24.757
13.08237,0.949704,24.921
13.10767,0.959428,24.967
13.132939,0.968001,25.013
13.157609,0.977549,25.058
13.182866,0.986062,25.104
13.207383,0.997538,25.15
13.232016,1.004905,25.196
13.256375,1.01565,25.241
13.281328,1.024758,25.287
13.306421,1.035213,25.333
13.331119,1.045327,25.379
13.356456,1.05359,25.425
13.381664,1.063358,25.471
13.406555,1.070265,25.518
13.43072,1.079713,25.563
13.455298,1.085213,25.609
13.480403,1.093966,25.655
13.564809,1.100038,25.701
13.653796,1.140671,25.856
13.678839,1.146128,26.021
13.703912,1.154933,26.067
13.72893,1.161624,26.112
13.753834,1.17076,26.158
13.778646,1.175507,26.204
13.803159,1.180708,26.251
13.827969,1.184611,26.296
13.853022,1.190213,26.343
13.878409,1.195321,26.388
13.903454,1.201308,26.434
13.928063,1.207408,26.48
13.952989,1.214534,26.526
13.977021,1.222005,26.572
14.00192,1.227452,26.618
14.026566,1.233598,26.664
14.051741,1.238616,26.71
14.076991,1.245127,26.755
14.160292,1.250279,26.801
14.36451,1.304198,26.956
14.389759,1.30858,27.333
14.414745,1.312488,27.379
14.439721,1.313584,27.425
14.464692,1.316337,27.471
14.489274,1.318219,27.516
14.513369,1.320851,27.563
14.538088,1.322598,27.608
14.562928,1.325635,27.654
14.588198,1.330039,27.7
14.613443,1.333022,27.746
14.637946,1.3363,27.791
14.662595,1.33612,27.837
14.86516,1.338622,27.882
14.890822,1.351839,28.257
14.915262,1.353401,28.303
14.940179,1.354482,28.349
14.964713,1.357299,28.395
14.99,1.356604,28.441
15.01543,1.359392,28.487
15.04014,1.360092,28.533
15.065738,1.361893,28.58
15.09052,1.362554,28.625
15.116132,1.363339,28.671
15.139972,1.364626,28.717
15.164958,1.364907,28.763
15.189314,1.365007,28.809
15.21458,1.365312,28.855
15.239728,1.367449,28.901
15.264568,1.366658,28.947
15.349208,1.36899,28.993
15.441695,1.357069,29.148
15.466439,1.35766,29.32
15.491358,1.356959,29.366
15.516729,1.358515,29.412
15.541275,1.35773,29.458
15.566562,1.359992,29.504
15.591378,1.361288,29.55
15.616024,1.363701,29.596
15.64058,1.363801,29.643
15.665577,1.366658,29.688
15.691207,1.367904,29.735
15.716062,1.365772,29.781
15.741092,1.365282,29.827
15.766583,1.364186,29.873
15.790981,1.367534,29.918
15.815483,1.367299,29.965
15.839686,1.366488,30.01
15.864753,1.365622,30.056
15.949054,1.365782,30.102
16.037718,1.370056,30.257
16.062902,1.371602,30.42
16.087756,1.371622,30.467
16.113527,1.375351,30.513
16.137724,1.375521,30.559
16.162484,1.376728,30.605
16.186706,1.377062,30.651
16.211426,1.378869,30.697
16.236912,1.381602,30.742
16.261637,1.382237,30.789
16.287382,1.383383,30.834
16.312215,1.38478,30.881
16.337304,1.386156,30.927
16.361265,1.385495,30.973
16.385548,1.387472,31.018
16.410297,1.387908,31.063
16.435385,1.387382,31.109
16.460525,1.387908,31.155
16.544705,1.386701,31.201
16.633791,1.379455,31.355
16.659073,1.377804,31.521
16.684029,1.375352,31.567
16.708107,1.373664,31.613
16.732721,1.372348,31.659
16.757756,1.36877,31.705
16.783207,1.366012,31.751
16.808059,1.36297,31.797
16.833219,1.36311,31.843
16.858117,1.360143,31.889
16.883146,1.359146,31.935
16.907894,1.356034,31.981
16.932631,1.354627,32.027
16.957216,1.350574,32.074
16.982172,1.345719,32.119
17.007259,1.340354,32.165
17.032505,1.33572,32.211
17.058219,1.332482,32.257
17.140926,1.323353,32.304
17.34463,1.266639,32.458
17.369847,1.259339,32.833
17.394417,1.253088,32.88
17.419207,1.244507,32.925
17.443222,1.238536,32.971
17.468696,1.232079,33.017
17.493464,1.227492,33.063
17.518679,1.22151,33.109
17.543491,1.21553,33.154
17.569398,1.208692,33.201
17.594108,1.202941,33.247
17.618109,1.196979,33.293
17.642394,1.191287,33.339
17.845247,1.18523,33.385
17.869496,1.154398,33.757
17.89358,1.152815,33.802
17.91891,1.148962,33.849
17.943816,1.148098,33.895
17.968926,1.146653,33.94
17.993991,1.148636,33.986
18.018511,1.146603,34.032
18.043788,1.146713,34.078
18.067645,1.145329,34.124
18.092412,1.145769,34.17
18.117983,1.145298,34.216
18.142701,1.144565,34.262
18.167916,1.14307,34.308
18.192889,1.141162,34.353
18.217901,1.140446,34.399
18.242194,1.138147,34.445
18.325932,1.137589,34.491
18.420394,1.127119,34.646
18.445692,1.125245,34.821
18.470919,1.122642,34.866
18.495999,1.122441,34.912
18.520717,1.121277,34.958
18.545233,1.121208,35.005
18.569955,1.119964,35.051
18.594801,1.121078,35.097
18.620097,1.120848,35.143
18.645416,1.119824,35.188
18.670573,1.118399,35.235
18.695458,1.118024,35.281
18.707481,1.117365,35.326
18.744724,1.118084,35.372
18.769094,1.11872,35.419
18.794016,1.119914,35.465
18.81901,1.123567,35.511
18.843904,1.123636,35.557
18.928036,1.12513,35.602
19.016711,1.120114,35.757
19.042237,1.120797,35.921
19.067205,1.118469,35.968
19.091118,1.119773,36.013
19.116035,1.118929,36.059
19.14087,1.118529,36.105
19.165755,1.118124,36.151
19.191256,1.118629,36.197
19.216506,1.119653,36.244
19.241493,1.121466,36.289
19.266485,1.125274,36.335
19.290697,1.126409,36.381
19.314773,1.129148,36.427
19.340521,1.129408,36.473
19.36519,1.133835,36.519
19.390171,1.137118,36.565
19.415477,1.141905,36.611
19.440838,1.147312,36.657
19.523495,1.153638,36.703
19.61313,1.193847,36.858
19.637288,1.200123,37.021
19.661641,1.207588,37.067
19.687045,1.214714,37.113
19.711591,1.222465,37.159
19.73682,1.229601,37.205
19.761874,1.23949,37.251
19.78677,1.245982,37.297
19.812152,1.25594,37.343
19.835864,1.264351,37.389
19.860604,1.271807,37.434
19.885583,1.279937,37.48
19.910591,1.287777,37.526
19.935645,1.295897,37.572
19.960393,1.304538,37.618
19.986229,1.316146,37.664
20.009869,1.322913,37.71
20.034583,1.331696,37.756
20.118801,1.339123,37.801
20.323289,1.421012,37.955
20.347718,1.427033,38.334
20.372188,1.437002,38.379
20.397394,1.445275,38.425
20.422242,1.454968,38.471
20.447839,1.463591,38.517
20.472419,1.473866,38.563
20.497271,1.484251,38.609
20.522131,1.4946,38.655
20.546211,1.503338,38.701
20.571241,1.513247,38.746
20.59623,1.525203,38.792
20.621084,1.535681,38.838
20.822901,1.549125,38.884
20.84778,1.636751,39.257
20.872717,1.644981,39.303
20.897604,1.652257,39.349
20.922952,1.661431,39.395
20.948267,1.670205,39.44
20.972664,1.680995,39.486
20.997546,1.688621,39.532
21.022481,1.697796,39.579
21.047581,1.705555,39.625
21.072414,1.713032,39.671
21.097673,1.721212,39.717
21.122598,1.727354,39.764
21.148207,1.73413,39.809
21.172635,1.739226,39.855
21.196571,1.746657,39.901
21.221331,1.751562,39.947
21.305132,1.758318,39.993
21.317712,1.798199,40.147
21.411475,1.801708,40.298
21.436212,1.807508,40.344
21.461831,1.813834,40.39
21.486685,1.818013,40.435
21.512115,1.821301,40.482
21.536819,1.826086,40.528
21.561339,1.828607,40.574
21.585711,1.831645,40.62
21.610623,1.831325,40.666
21.636093,1.832681,40.712
21.660853,1.832671,40.757
21.685537,1.834198,40.803
21.710867,1.834668,40.849
21.735068,1.83662,40.894
21.759179,1.837766,40.94
21.78381,1.83669,40.986
21.809094,1.839667,41.032
21.899874,1.837726,41.076
21.995541,1.834178,41.244
22.019602,1.834458,41.421
22.044406,1.832216,41.466
22.069077,1.831785,41.512
22.094156,1.829804,41.557
22.119083,1.828628,41.603
22.144162,1.829394,41.648
22.168747,1.829303,41.694
22.192451,1.83098,41.74
22.217668,1.829373,41.786
22.24237,1.830279,41.832
22.267637,1.830189,41.877
22.291999,1.832046,41.923
22.317245,1.833032,41.969
22.341366,1.833503,42.014
22.365593,1.835314,42.059
22.390774,1.835424,42.105
22.41539,1.838297,42.151
22.499837,1.838702,42.197
22.590665,1.848516,42.351
22.616084,1.849032,42.52
22.641145,1.851269,42.566
22.665598,1.851754,42.612
22.690738,1.853561,42.658
22.714951,1.855152,42.703
22.739294,1.85848,42.748
22.763888,1.860137,42.794
22.788669,1.862409,42.839
22.813919,1.864591,42.885
22.838625,1.864821,42.931
22.863816,1.868269,42.977
22.887723,1.869736,43.022
22.911927,1.874049,43.068
22.936707,1.876893,43.114
22.961543,1.88018,43.158
22.986616,1.884484,43.204
23.011883,1.887892,43.251
23.095237,1.892052,43.297
23.301669,1.916699,43.451
23.32678,1.918801,43.833
23.351832,1.921884,43.879
23.3767,1.92441,43.925
23.402255,1.929476,43.971
23.426763,1.933465,44.017
23.451515,1.935931,44.062
23.47587,1.941206,44.108
23.501131,1.945466,44.155
23.525843,1.951372,44.201
23.551341,1.95327,44.247
23.57646,1.957364,44.293
23.601604,1.959935,44.34
23.802185,1.963341,44.386
23.827346,1.997627,44.757
23.852388,2.003718,44.803
23.877592,2.006761,44.848
23.902523,2.011183,44.895
23.92666,2.015071,44.941
23.950967,2.020309,44.987
23.976317,2.027575,45.033
24.001073,2.030192,45.079
24.026864,2.034411,45.125
24.051889,2.040153,45.171
24.076505,2.046314,45.216
24.100873,2.049122,45.262
24.124967,2.054189,45.308
24.150673,2.058606,45.354
24.175249,2.063984,45.4
24.200591,2.06892,45.446
24.285061,2.072094,45.493
24.378912,2.094855,45.646
24.403695,2.099284,45.821
24.428352,2.101801,45.868
24.453338,2.105363,45.913
24.478258,2.108558,45.959
24.503561,2.11233,46.005
24.528751,2.116448,46.051
24.553498,2.119258,46.097
24.578173,2.123805,46.142
24.602453,2.127766,46.189
24.627737,2.132313,46.235
24.65233,2.136472,46.281
24.678091,2.142113,46.327
24.702697,2.145796,46.373
24.728277,2.149159,46.42
24.75332,2.15591,46.466
24.777601,2.159718,46.511
24.802159,2.166308,46.557
24.885805,2.171798,46.603
24.974129,2.201986,46.758
24.999198,2.204173,46.921
25.024373,2.207807,46.967
25.049452,2.209173,47.013
25.074546,2.212165,47.059
25.099342,2.212751,47.105
25.124198,2.21684,47.15
25.148341,2.218631,47.197
25.17299,2.220619,47.242
25.198413,2.222991,47.288
25.22353,2.22279,47.335
25.248374,2.224076,47.381
25.273643,2.223175,47.427
25.298424,2.223021,47.473
25.322888,2.22211,47.518
25.346936,2.22289,47.564
25.371934,2.220018,47.61
25.39687,2.219152,47.655
25.480989,2.21658,47.702
25.569994,2.196856,47.855
25.595052,2.191046,48.021
25.620618,2.185226,48.067
25.645451,2.180421,48.113
25.670373,2.174371,48.159
25.694624,2.171023,48.206
25.71937,2.165489,48.251
25.744539,2.162906,48.297
25.769649,2.159342,48.343
25.794583,2.157999,48.389
25.819824,2.15537,48.435
25.844347,2.153816,48.481
25.868231,2.152501,48.527
25.893324,2.153022,48.573
25.918068,2.152552,48.618
25.943408,2.152671,48.664
25.968669,2.154595,48.71
25.993591,2.1551,48.756
26.077239,2.158803,48.802
26.280891,2.188053,48.957
26.305935,2.191561,49.334
26.330777,2.194144,49.38
26.355704,2.199118,49.425
26.380553,2.201441,49.471
26.404498,2.206115,49.517
26.429523,2.208927,49.563
26.454314,2.213402,49.609
26.479496,2.219402,49.655
26.50504,2.225293,49.701
26.529654,2.228691,49.746
26.554944,2.231428,49.792
26.578945,2.236843,49.838
26.781545,2.238875,49.884
26.806435,2.276445,50.257
26.830815,2.282415,50.302
26.855263,2.28777,50.349
26.880229,2.289461,50.395
26.905404,2.294086,50.441
26.930728,2.297594,50.487
26.955928,2.303315,50.533
26.980986,2.307443,50.579
27.005417,2.311381,50.625
27.029974,2.315065,50.67
27.054086,2.317687,50.717
27.079134,2.32036,50.762
27.104225,2.322742,50.808
27.129501,2.326776,50.854
27.154799,2.328893,50.9
27.179503,2.332321,50.946
27.262208,2.332856,50.992
27.356503,2.336344,51.147
27.381874,2.333056,51.32
27.406765,2.334162,51.367
27.432412,2.332636,51.412
27.456936,2.332786,51.458
27.481993,2.331014,51.504
27.505885,2.329518,51.55
27.530778,2.32634,51.597
27.556287,2.323928,51.643
27.58071,2.322872,51.689
27.606219,2.324573,51.734
27.631237,2.327697,51.78
27.655987,2.329508,51.826
27.680301,2.334873,51.872
27.704794,2.337005,51.918
27.729397,2.338221,51.964
27.754574,2.338301,52.009
27.780359,2.340503,52.056
27.864407,2.344152,52.102
27.953266,2.365451,52.257
27.978116,2.366688,52.421
28.003007,2.369486,52.467
28.028251,2.371717,52.513
28.051823,2.375956,52.559
28.076946,2.382621,52.604
28.101678,2.388462,52.65
28.126522,2.3951,52.696
28.152079,2.399543,52.742
28.176845,2.404665,52.788
28.201812,2.409242,52.834
28.226213,2.415805,52.88
28.250911,2.421095,52.926
28.275462,2.429171,52.972
28.300533,2.434694,53.018
28.325662,2.441379,53.063
28.350481,2.44946,53.109
28.376102,2.455832,53.155
28.458705,2.463427,53.201
28.549268,2.485075,53.356
28.574431,2.488558,53.521
28.598622,2.490392,53.568
28.622906,2.4945,53.614
28.647998,2.496413,53.659
28.673154,2.499127,53.705
28.698021,2.498757,53.751
28.723553,2.500652,53.797
28.748256,2.503894,53.843
28.773058,2.506343,53.889
28.797505,2.508552,53.934
28.821731,2.511111,53.981
28.847071,2.512135,54.026
28.872077,2.514503,54.072
28.897511,2.519091,54.118
28.922436,2.521399,54.164
28.947401,2.523074,54.21
28.972223,2.525766,54.256
29.055319,2.530583,54.302
29.259565,2.58768,54.456
29.285176,2.596349,54.834
29.310158,2.60295,54.88
29.334219,2.613445,54.926
29.358827,2.61969,54.972
29.384179,2.629689,55.018
29.409148,2.63522,55.064
29.434701,2.643732,55.11
29.459519,2.652005,55.157
29.485289,2.660848,55.202
29.508943,2.670216,55.248
29.533434,2.679355,55.294
29.558297,2.689429,55.34
29.759149,2.697702,55.386
29.784489,2.75481,55.757
29.808851,2.761786,55.803
29.83431,2.772641,55.849
29.859476,2.778231,55.896
29.88489,2.786703,55.942
29.909664,2.791653,55.987
29.934414,2.800106,56.033
29.959047,2.807023,56.079
29.98325,2.814634,56.125
30.008485,2.822764,56.171
30.033001,2.830469,56.217
30.058137,2.838689,56.262
30.083212,2.84695,56.309
30.108074,2.85699,56.354
30.132801,2.863012,56.4
30.156902,2.872086,56.446
30.241391,2.878248,56.492
30.33589,2.921993,56.647
30.36119,2.927904,56.821
30.385921,2.935744,56.867
30.410641,2.939708,56.913
30.435118,2.943884,56.959
30.4595,2.947507,57.005
30.484696,2.95174,57.051
30.50949,2.955807,57.097
30.534967,2.95921,57.143
30.559769,2.962018,57.188
30.584602,2.963393,57.234
30.609267,2.964792,57.28
30.633522,2.965112,57.326
30.658324,2.965503,57.372
30.68359,2.964258,57.418
30.708824,2.966457,57.464
30.733982,2.967351,57.51
30.75903,2.967611,57.556
30.842409,2.969449,57.602
30.93189,2.963698,57.756
30.957044,2.961064,57.921
30.981356,2.962744,57.968
31.006187,2.962514,58.014
31.030911,2.963423,58.06
31.055555,2.964487,58.106
31.081239,2.965802,58.151
31.105878,2.968936,58.197
31.131212,2.969419,58.243
31.15574,2.971969,58.289
31.179883,2.970965,58.335
31.204837,2.972019,58.381
31.229653,2.97008,58.427
31.254951,2.971175,58.473
31.279999,2.970259,58.518
31.30521,2.96949,58.564
31.329858,2.971075,58.61
31.354613,2.972109,58.656
31.437892,2.973614,58.702
31.526451,2.981493,58.856
31.551363,2.982387,59.021
31.576417,2.98449,59.067
31.601594,2.986994,59.112
31.626012,2.988228,59.158
31.651774,2.991278,59.204
31.676311,2.993186,59.25
31.700812,2.995965,59.296
31.725485,2.998693,59.342
31.750603,3.000992,59.387
31.775595,3.00322,59.435
31.800833,3.005558,59.48
31.825889,3.008232,59.527
31.850762,3.010047,59.573
31.875968,3.012789,59.618
31.900561,3.011825,59.664
31.925034,3.014183,59.711
31.950382,3.014993,59.757
32.034518,3.019825,59.803
32.237803,3.068212,59.958
32.262229,3.072832,60.334
32.287108,3.077901,60.38
32.31269,3.083276,60.426
32.337438,3.086044,60.471
32.362724,3.091528,60.517
32.38715,3.095502,60.563
32.412613,3.099671,60.609
32.437069,3.102304,60.655
32.461568,3.107313,60.702
32.486547,3.111522,60.748
32.51133,3.116497,60.794
32.537135,3.122742,60.838
32.737535,3.126821,60.885
32.762683,3.160753,61.257
32.789398,3.16365,61.306
32.814243,3.166923,61.352
32.839414,3.16954,61.398
32.864904,3.173179,61.444
32.889345,3.174586,61.489
32.913302,3.178919,61.535
32.938069,3.180285,61.581
32.963325,3.183218,61.627
32.987831,3.183469,61.672
33.013114,3.183489,61.718
33.037681,3.18584,61.763
33.062814,3.186586,61.809
33.086448,3.188638,61.855
33.111147,3.188868,61.901
33.136375,3.19072,61.947
33.220075,3.19099,61.992
33.314635,3.191651,62.147
33.338915,3.191866,62.321
33.363314,3.194138,62.367
33.387916,3.194419,62.412
33.41331,3.196065,62.457
33.438546,3.19647,62.504
33.46346,3.199423,62.549
33.4885,3.202831,62.595
33.51268,3.205614,62.641
33.538113,3.20819,62.687
33.581044,3.212835,62.765
33.605577,3.213496,62.813
33.636914,3.216735,62.87
33.662946,3.21805,62.917
33.688424,3.221609,62.964
33.713484,3.222654,63.01
33.737487,3.225912,63.056
33.821094,3.225357,63.102
33.9096,3.229376,63.256
33.934683,3.230602,63.421
33.95925,3.23283,63.467
33.984095,3.233334,63.513
34.009673,3.235528,63.557
34.034268,3.233674,63.603
34.058905,3.235049,63.649
34.083212,3.234849,63.695
34.107952,3.235319,63.741
34.132889,3.234989,63.787
34.157568,3.235793,63.833
34.183123,3.238682,63.879
34.207572,3.238412,63.924
34.232655,3.240477,63.969
34.256911,3.242157,64.015
34.281153,3.244874,64.061
34.306043,3.246364,64.107
34.330976,3.247128,64.152
34.415494,3.249063,64.198
34.505356,3.268906,64.353
34.530531,3.2699,64.521
34.55564,3.272348,64.567
34.58138,3.271863,64.613
34.605875,3.274667,64.66
34.630727,3.278689,64.704
34.65531,3.282607,64.751
34.679893,3.285496,64.797
34.70463,3.286899,64.843
34.729598,3.289218,64.889
34.754507,3.287455,64.934
34.779821,3.287405,64.98
34.804465,3.283088,65.025
34.82891,3.282342,65.071
34.853205,3.280749,65.117
34.878457,3.279104,65.163
34.903075,3.277206,65.209
34.928557,3.276611,65.255
35.012445,3.2763,65.301
35.216268,3.264737,65.456
35.241031,3.261479,65.834
35.266379,3.260964,65.88
35.291231,3.258795,65.925
35.316721,3.256962,65.971
35.342979,3.254333,66.019
35.367712,3.25131,66.065
35.391685,3.249836,66.111
35.416572,3.245679,66.157
35.451101,3.241052,66.22
35.481831,3.236967,66.277
35.506249,3.229756,66.322
35.717214,3.22397,66.368
35.741743,3.174635,66.756
35.766753,3.169206,66.802
35.790675,3.162494,66.848
35.815232,3.157395,66.894
35.840107,3.150753,66.939
35.865182,3.145104,66.985
35.890284,3.139433,67.031
35.915954,3.134419,67.077
35.941125,3.128328,67.124
35.965128,3.122087,67.169
35.989527,3.119435,67.215
36.014652,3.113555,67.261
36.039212,3.107914,67.307
36.064394,3.102144,67.353
36.089366,3.097895,67.398
36.11441,3.092174,67.444
36.196961,3.088626,67.49
36.292443,3.045651,67.644
36.317249,3.039591,67.821
36.342628,3.031594,67.867
36.367587,3.025317,67.913
36.392286,3.017311,67.958
36.417588,3.01146,68.003
36.442597,3.003339,68.05
36.467315,2.995734,68.096
36.491387,2.986459,68.142
36.516428,2.976444,68.188
36.541499,2.968019,68.234
36.566474,2.957775,68.28
36.591848,2.950076,68.326
36.61609,2.938651,68.371
36.64151,2.930826,68.417
36.665398,2.920808,68.463
36.690135,2.909568,68.509
36.715448,2.89813,68.555
36.799344,2.886557,68.601
36.888722,2.81945,68.756
36.91372,2.809189,68.921
36.938991,2.797642,68.968
36.963658,2.78959,69.014
36.989636,2.780883,69.06
37.013908,2.770913,69.106
37.038161,2.761374,69.152
37.063002,2.752106,69.198
37.08805,2.743228,69.244
37.112829,2.734866,69.289
37.138246,2.726988,69.335
37.163206,2.716453,69.381
37.188173,2.708741,69.427
37.211823,2.697045,69.473
37.236406,2.69013,69.519
37.261727,2.68011,69.565
37.286982,2.673274,69.611
37.311677,2.665221,69.656
37.39631,2.657584,69.702
37.484654,2.59868,69.857
37.510217,2.587649,70.021
37.534923,2.575916,70.067
37.559003,2.565587,70.113
37.584171,2.553446,70.158
37.608396,2.541462,70.205
37.634044,2.529509,70.25
37.659234,2.516882,70.296
37.684298,2.506631,70.342
37.70948,2.495213,70.388
37.733602,2.485828,70.434
37.758612,2.474831,70.48
37.782638,2.467494,70.526
37.80792,2.458518,70.571
37.833399,2.451164,70.617
37.85827,2.443567,70.663
37.883015,2.436206,70.709
37.907533,2.42901,70.755
37.990587,2.421275,70.801
38.19585,2.374044,70.955
38.221494,2.370991,71.334
38.246077,2.366922,71.378
38.270004,2.362007,71.424
38.295125,2.356072,71.47
38.319908,2.350091,71.516
38.344787,2.342765,71.562
38.369608,2.336254,71.608
38.39501,2.332481,71.654
38.419185,2.328001,71.7
38.444241,2.324278,71.745
38.468871,2.321385,71.791
38.4931,2.319759,71.837
38.696942,2.317202,71.884
38.721791,2.301442,72.257
38.745621,2.296488,72.303
38.770719,2.295061,72.349
38.796059,2.294676,72.395
38.821165,2.294005,72.441
38.845391,2.291864,72.487
38.871184,2.290757,72.532
38.895525,2.291378,72.578
38.919448,2.288376,72.624
38.94473,2.28797,72.67
38.96977,2.287319,72.716
38.994557,2.288726,72.762
39.019052,2.287229,72.808
39.045053,2.28784,72.854
39.069648,2.288165,72.9
39.103655,2.287259,72.963
39.186651,2.284977,73.009
39.272076,2.285197,73.163
39.297627,2.283871,73.321
39.322921,2.284707,73.366
39.347589,2.282865,73.412
39.372322,2.281909,73.459
39.39719,2.280022,73.505
39.420916,2.279742,73.55
39.44795,2.280092,73.596
39.473498,2.278936,73.646
39.497593,2.278886,73.692
39.522561,2.278616,73.737
39.547993,2.278766,73.783
39.573367,2.279117,73.829
39.598212,2.281078,73.876
39.622972,2.280222,73.921
39.647032,2.282314,73.967
39.671731,2.285953,74.013
39.696579,2.288295,74.059
39.780817,2.291824,74.105
39.868758,2.331095,74.258
39.893675,2.335969,74.421
39.918116,2.342205,74.467
39.942335,2.349762,74.512
39.967083,2.361533,74.558
39.99205,2.371487,74.603
40.017283,2.378034,74.649
40.041805,2.386787,74.695
40.066676,2.392248,74.74
40.091482,2.39799,74.786
40.115931,2.401272,74.832
40.139477,2.408138,74.878
40.164978,2.41227,74.924
40.190191,2.417008,74.968
40.215493,2.421536,75.014
40.239504,2.425683,75.06
40.26459,2.428102,75.106
40.288701,2.429356,75.152
40.372458,2.430931,75.197
40.464422,2.429967,75.353
40.488375,2.43126,75.521
40.516419,2.434063,75.571
40.541502,2.432919,75.616
40.565086,2.432989,75.663
40.590538,2.434233,75.709
40.61562,2.433189,75.755
40.640196,2.435588,75.801
40.665359,2.434044,75.847
40.690853,2.436177,75.892
40.714568,2.435167,75.938
40.738583,2.435987,75.983
40.76451,2.433578,76.029
40.788994,2.433259,76.075
40.813742,2.434063,76.122
40.827204,2.434454,76.168
40.864668,2.433898,76.214
40.889155,2.432674,76.26
40.972121,2.435158,76.306
41.175087,2.451618,76.46
41.199878,2.453503,76.833
41.224634,2.454708,76.879
41.24868,2.45772,76.925
41.273716,2.460429,76.971
41.299433,2.463257,77.017
41.323962,2.463046,77.063
41.348649,2.464766,77.109
41.373786,2.465585,77.154
41.3981,2.46671,77.2
41.422572,2.468399,77.246
41.447869,2.470457,77.292
41.472741,2.473866,77.338
41.674224,2.477623,77.384
41.699541,2.5188,77.757
41.724643,2.526177,77.803
41.749072,2.532852,77.849
41.773978,2.539354,77.895
41.800044,2.548098,77.941
41.823928,2.554501,77.986
41.848024,2.564303,78.032
41.873114,2.571179,78.078
41.898408,2.580266,78.124
41.923272,2.587302,78.17
41.948569,2.596108,78.216
41.973771,2.603365,78.262
41.997974,2.611678,78.308
42.022315,2.618804,78.353
42.047221,2.627057,78.399
42.071716,2.636656,78.445
42.157006,2.64099,78.491
42.251459,2.682108,78.646
42.276472,2.691586,78.821
42.301494,2.698847,78.867
42.325796,2.70617,78.913
42.349926,2.714152,78.959
42.378171,2.725157,79.01
42.404325,2.732414,79.058
42.428613,2.739896,79.103
42.45353,2.748038,79.149
42.478478,2.755495,79.195
42.503453,2.763647,79.241
42.528179,2.770228,79.287
42.553692,2.778876,79.333
42.581406,2.786694,79.378
42.606081,2.796957,79.43
42.631402,2.804273,79.476
42.656554,2.814523,79.522
42.75161,2.822048,79.568
42.846723,2.876692,79.745
42.871979,2.885562,79.921
42.895794,2.893313,79.967
42.920711,2.902508,80.012
42.962086,2.909488,80.057
42.986889,2.920447,80.133
43.013239,2.92656,80.179
43.037769,2.933155,80.227
43.061326,2.937902,80.272
43.086862,2.944245,80.318
43.111599,2.950016,80.363
43.136382,2.956581,80.41
43.161756,2.963473,80.456
43.187077,2.969339,80.502
43.211584,2.977514,80.548
43.236228,2.983701,80.594
43.260808,2.993765,80.64
43.346947,3.000771,80.686
43.442537,3.064349,80.844
43.466813,3.076996,81.021
43.492306,3.089833,81.068
43.5179,3.101974,81.114
43.542821,3.11423,81.159
43.56772,3.124119,81.206
43.593359,3.137917,81.251
43.617455,3.149402,81.298
43.641588,3.161123,81.344
43.666913,3.173459,81.39
43.691873,3.18573,81.436
43.716391,3.198377,81.481
43.741585,3.209307,81.527
43.766932,3.222029,81.573
43.791039,3.234628,81.619
43.815135,3.247167,81.665
43.840574,3.256752,81.711
43.865907,3.269077,81.757
43.949461,3.278241,81.802
44.153326,3.388682,81.957
44.177613,3.397193,82.334
44.203422,3.406127,82.38
44.228262,3.412329,82.426
44.252846,3.421944,82.472
44.277836,3.427124,82.518
44.303414,3.43408,82.563
44.327387,3.440072,82.61
44.351624,3.447148,82.655
44.377237,3.453357,82.701
44.402131,3.460754,82.747
44.427072,3.468196,82.793
44.452385,3.47335,82.839
44.653334,3.482449,82.885
44.678517,3.545712,83.257
44.703895,3.557218,83.302
44.729112,3.569499,83.35
44.753146,3.579584,83.395
44.777672,3.587996,83.441
44.802847,3.598,83.487
44.827614,3.606322,83.533
44.852762,3.615981,83.579
44.877914,3.625811,83.625
44.902651,3.637382,83.67
44.927276,3.649313,83.716
44.952079,3.662212,83.762
44.97675,3.674581,83.808
45.000918,3.686943,83.854
45.027373,3.699772,83.9
45.052739,3.710994,83.946
45.135801,3.724243,83.992
45.231499,3.795098,84.146
45.255798,3.805476,84.322
45.280873,3.81727,84.367
45.305383,3.827439,84.414
45.330308,3.836567,84.46
45.35521,3.847107,84.506
45.381395,3.855962,84.552
45.405748,3.86686,84.598
45.429928,3.875385,84.644
45.454815,3.886101,84.69
45.479118,3.895458,84.735
45.504073,3.906594,84.781
45.529271,3.914446,84.827
45.554615,3.923279,84.873
45.579045,3.932217,84.919
45.603966,3.938909,84.965
45.629579,3.948107,85.011
45.653244,3.952912,85.056
45.737935,3.960158,85.102
45.825664,3.980676,85.257
45.851446,3.983744,85.421
45.876233,3.98421,85.467
45.900593,3.988028,85.513
45.925968,3.990861,85.558
45.951404,3.996796,85.604
45.975573,4.001126,85.65
45.999349,4.007306,85.696
46.014543,4.01756,85.744
46.050874,4.020989,85.79
46.075415,4.028811,85.836
46.100936,4.036823,85.881
46.125984,4.045216,85.927
46.150275,4.051827,85.973
46.174743,4.059889,86.019
46.199392,4.064814,86.064
46.223756,4.074687,86.11
46.248328,4.080398,86.155
46.332915,4.086705,86.201
46.421851,4.123905,86.356
46.44739,4.131031,86.522
46.472166,4.134995,86.568
46.497118,4.138097,86.614
46.522466,4.14188,86.659
46.54615,4.145444,86.705
46.570502,4.148876,86.751
46.596073,4.149496,86.797
46.62144,4.149836,86.843
46.645854,4.148806,86.889
46.671663,4.151984,86.935
46.696238,4.15291,86.981
46.719907,4.155567,87.027
46.744944,4.157367,87.072
46.770161,4.16113,87.118
46.794479,4.163109,87.164
46.819527,4.163449,87.21
46.923073,4.164243,87.255
47.132659,4.147862,87.445
47.158022,4.145764,87.834
47.182459,4.143754,87.88
47.208387,4.14192,87.925
47.232133,4.140947,87.972
47.256432,4.140867,88.017
47.281779,4.141215,88.063
47.307146,4.138407,88.109
47.331545,4.138387,88.155
47.356336,4.136678,88.201
47.382175,4.136279,88.247
47.407004,4.135134,88.293
47.430496,4.136658,88.339
47.63367,4.138257,88.384
47.658933,4.158057,88.757
47.682813,4.160185,88.803
47.707254,4.161579,88.849
47.732418,4.164213,88.895
47.757224,4.166316,88.941
47.782698,4.169421,88.988
47.807812,4.170984,89.033
47.832307,4.172764,89.079
47.857739,4.175836,89.125
47.882729,4.181552,89.171
47.906617,4.185301,89.217
47.931108,4.18773,89.263
47.956944,4.191628,89.309
47.981892,4.194466,89.355
48.005972,4.200337,89.401
48.031681,4.205399,89.446
48.114132,4.209792,89.492
48.209115,4.251437,89.647
48.234443,4.256929,89.821
48.259153,4.264616,89.867
48.284459,4.2719,89.913
48.309845,4.276923,89.96
48.334582,4.284679,90.006
48.358984,4.290944,90.052
48.383979,4.298989,90.098
48.407759,4.307107,90.144
48.433184,4.314889,90.19
48.458497,4.32139,90.235
48.483791,4.329707,90.281
48.508097,4.336438,90.327
48.533188,4.344491,90.373
48.559085,4.352553,90.419
48.58235,4.360515,90.465
48.607606,4.370295,90.511
48.632738,4.379863,90.557
48.717068,4.390248,90.603
48.805044,4.449097,90.758
48.829903,4.456465,90.921
48.85597,4.46303,90.968
48.880238,4.46874,91.014
48.904817,4.472115,91.06
48.929112,4.475712,91.105
48.954291,4.477744,91.151
48.97867,4.480491,91.197
49.003488,4.485806,91.243
49.029258,4.490821,91.288
49.054076,4.494179,91.334
49.078217,4.497677,91.38
49.102758,4.500664,91.426
49.127826,4.502281,91.471
49.152343,4.505459,91.518
49.17776,4.508052,91.563
49.203189,4.511225,91.609
49.22781,4.514029,91.655
49.311522,4.515884,91.701
49.401092,4.526633,91.856
49.426697,4.526683,92.022
49.450769,4.527399,92.068
49.47491,4.528961,92.114
49.500539,4.529398,92.16
49.525064,4.529437,92.206
49.550481,4.528393,92.252
49.575502,4.527109,92.297
49.601614,4.526115,92.344
49.626447,4.523172,92.39
49.650596,4.520251,92.436
49.67483,4.518926,92.482
49.699917,4.517802,92.528
49.7242,4.516218,92.574
49.749667,4.514189,92.619
49.775303,4.513405,92.666
49.79926,4.514399,92.711
49.8246,4.514889,92.757
49.907228,4.516718,92.803
50.11198,4.522822,92.959
50.137351,4.522952,93.334
50.161508,4.521655,93.379
50.185388,4.521255,93.425
50.21067,4.519325,93.471
50.235826,4.519396,93.517
50.260436,4.521615,93.563
50.285938,4.522642,93.609
50.311066,4.523466,93.654
50.334839,4.52494,93.7
50.359802,4.528173,93.746
50.384071,4.528333,93.792
50.409134,4.528203,93.838
50.611647,4.528353,93.884
50.636595,4.51255,94.257
50.660925,4.512745,94.303
50.686292,4.510945,94.35
50.711935,4.510364,94.396
50.737006,4.510354,94.441
50.761478,4.510574,94.487
50.78653,4.510765,94.533
50.81104,4.510765,94.579
50.835285,4.511901,94.625
50.860606,4.513196,94.671
50.88663,4.513366,94.716
50.910683,4.512635,94.763
50.935923,4.512321,94.809
50.961655,4.511831,94.855
50.98577,4.51003,94.901
51.010053,4.509359,94.947
51.093288,4.508433,94.993
51.19214,4.507316,95.147
51.21685,4.505349,95.329
51.241909,4.504784,95.375
51.266688,4.505179,95.421
51.291652,4.507146,95.467
51.317057,4.508162,95.513
51.341979,4.508233,95.559
51.3667,4.509688,95.605
51.391433,4.510404,95.651
51.415636,4.51166,95.697
51.440488,4.510564,95.742
51.46602,4.509348,95.788
51.490834,4.510994,95.834
51.515813,4.510294,95.88
51.54068,4.509419,95.926
51.565609,4.508242,95.972
51.589766,4.50628,96.018
51.614338,4.503838,96.064
51.698449,4.502452,96.109
51.784845,4.492242,96.263
51.809406,4.490861,96.422
51.833808,4.488634,96.468
51.858418,4.486401,96.514
51.883539,4.483815,96.56
51.908338,4.482558,96.606
51.933997,4.479796,96.652
51.959287,4.477774,96.699
51.983805,4.475462,96.745
52.009463,4.475622,96.791
52.034193,4.475906,96.837
52.058269,4.475707,96.883
52.08276,4.475552,96.929
52.107892,4.473835,96.975
52.133125,4.470337,97.02
52.157758,4.467199,97.066
52.18344,4.465262,97.112
52.208234,4.464627,97.158
52.290805,4.464797,97.204
52.379898,4.458976,97.358
52.403859,4.456825,97.521
52.429095,4.455428,97.568
52.454124,4.453327,97.613
52.478854,4.450915,97.659
52.504082,4.448443,97.705
52.529537,4.444394,97.751
52.553721,4.442241,97.796
52.578781,4.440675,97.843
52.603929,4.437327,97.889
52.628128,4.435575,97.935
52.65361,4.431706,97.981
52.678869,4.427838,98.027
52.70399,4.423824,98.073
52.72832,4.417784,98.119
52.753307,4.41469,98.164
52.777621,4.409296,98.21
52.802266,4.404071,98.256
52.887344,4.400057,98.302
53.089938,4.361457,98.457
53.115505,4.357238,98.834
53.140837,4.354956,98.881
53.164948,4.351998,98.926
53.19033,4.348431,98.972
53.215693,4.346803,99.018
53.241191,4.344011,99.064
53.264936,4.340994,99.11
53.290426,4.338922,99.156
53.31408,4.337175,99.202
53.339036,4.33637,99.247
53.364837,4.333152,99.293
53.38967,4.330198,99.339
53.590327,4.328772,99.385
53.616001,4.310941,99.758
53.641038,4.308163,99.804
53.665978,4.305791,99.85
53.691045,4.30527,99.896
53.716397,4.303477,99.942
53.740392,4.303018,99.988
53.764768,4.299815,100.034
53.790339,4.29796,100.081
53.81594,4.295771,100.126
53.840677,4.292878,100.173
53.866363,4.292128,100.219
53.891403,4.289327,100.265
53.916094,4.287551,100.311
53.941146,4.283909,100.358
53.966167,4.280336,100.404
53.989832,4.278387,100.45
54.074796,4.276179,100.496
54.167197,4.263291,100.65
54.192602,4.259267,100.821
54.218107,4.257129,100.868
54.242476,4.256084,100.914
54.266847,4.253996,100.96
54.292176,4.252472,101.006
54.316971,4.251887,101.052
54.341992,4.250622,101.098
54.367289,4.249448,101.144
54.392653,4.247684,101.19
54.416779,4.244941,101.235
54.441197,4.242612,101.281
54.466648,4.23876,101.328
54.490855,4.237636,101.374
54.516302,4.236231,101.42
54.541623,4.233542,101.466
54.566372,4.231484,101.512
54.590786,4.229446,101.558
54.674628,4.229644,101.603
54.763022,4.226576,101.759
54.787763,4.226547,101.922
54.812204,4.225442,101.968
54.837713,4.223584,102.014
54.86346,4.222739,102.06
54.888454,4.223843,102.107
54.913307,4.225078,102.152
54.938316,4.225182,102.198
54.963368,4.226587,102.244
54.986676,4.225412,102.29
55.012658,4.226707,102.336
55.037467,4.227781,102.382
55.062439,4.225803,102.428
55.086857,4.225833,102.474
55.1126,4.226326,102.52
55.137614,4.228112,102.566
55.161056,4.229939,102.612
55.186112,4.232618,102.658
55.269942,4.233933,102.704
55.358962,4.243962,102.859
55.383085,4.246901,103.021
55.408394,4.24922,103.067
55.433672,4.252612,103.113
55.458832,4.255262,103.159
55.482708,4.257658,103.205
55.50768,4.261371,103.251
55.53194,4.264744,103.297
55.556907,4.267849,103.343
55.593116,4.269273,103.388
55.619047,4.276039,103.458
55.644822,4.278238,103.503
55.669493,4.281771,103.549
55.694303,4.285624,103.596
55.720189,4.291005,103.642
55.74496,4.295317,103.688
55.769148,4.297911,103.733
55.859086,4.301298,103.779
56.069213,4.34402,103.945
56.094054,4.348605,104.334
56.119598,4.352783,104.38
56.144112,4.356432,104.426
56.169563,4.36032,104.472
56.193612,4.362413,104.517
56.218169,4.36515,104.563
56.242518,4.367407,104.609
56.267758,4.370765,104.655
56.293144,4.372817,104.701
56.318373,4.376866,104.747
56.342937,4.379633,104.793
56.368576,4.382871,104.839
56.569994,4.385203,104.884
56.594328,4.403979,105.257
56.620175,4.407093,105.304
56.644958,4.409616,105.349
56.668554,4.412598,105.395
56.693959,4.413774,105.441
56.718788,4.414254,105.486
56.743636,4.416147,105.534
56.768842,4.417372,105.579
56.79389,4.41898,105.625
56.819368,4.419604,105.671
56.843222,4.41891,105.717
56.867828,4.420135,105.763
56.89301,4.419945,105.809
56.917344,4.419634,105.854
56.94273,4.418158,105.9
56.967963,4.417883,105.946
57.051908,4.418449,105.993
57.145877,4.40843,106.147
57.170437,4.405487,106.322
57.195608,4.405297,106.368
57.221021,4.405367,106.414
57.245516,4.405587,106.46
57.270479,4.406077,106.506
57.296184,4.405256,106.552
57.320095,4.40398,106.598
57.344567,4.401698,106.643
57.369996,4.401658,106.689
57.394775,4.399031,106.735
57.41907,4.39877,106.781
57.444391,4.397895,106.827
57.470042,4.397154,106.872
57.493745,4.396348,106.918
57.518432,4.395574,106.964
57.543523,4.394512,107.01
57.567818,4.39272,107.056
57.652486,4.391865,107.102
57.740661,4.397475,107.255
57.766835,4.39844,107.422
57.791571,4.401373,107.468
57.816804,4.403284,107.514
57.84161,4.405937,107.56
57.866689,4.408589,107.606
57.890373,4.410255,107.651
57.915071,4.412508,107.698
57.941126,4.413694,107.744
57.965656,4.416386,107.789
57.990654,4.418819,107.835
58.015844,4.42095,107.881
58.040346,4.422067,107.927
58.064668,4.425364,107.973
58.088814,4.427647,108.018
58.114457,4.429103,108.064
58.139236,4.429824,108.11
58.164265,4.43056,108.156
58.248445,4.431296,108.202
58.337635,4.439479,108.357
58.362863,4.441144,108.522
58.387043,4.443889,108.568
58.411987,4.447006,108.614
58.436598,4.448947,108.659
58.461396,4.452576,108.705
58.485983,4.455519,108.751
58.511853,4.458647,108.797
58.536663,4.461714,108.843
58.561427,4.464958,108.889
58.586621,4.470247,108.935
58.610167,4.473435,108.98
58.635031,4.479555,109.026
58.660305,4.486442,109.072
58.685722,4.493288,109.118
58.71001,4.499578,109.164
58.734777,4.506545,109.21
58.760674,4.51168,109.256
58.843141,4.517067,109.302
59.04845,4.566594,109.456
59.07313,4.567859,109.834
59.098216,4.570967,109.88
59.123591,4.574031,109.926
59.147801,4.575744,109.973
59.172146,4.577523,110.019
59.197244,4.577079,110.065
59.222823,4.579532,110.11
59.247225,4.582131,110.156
59.272631,4.584249,110.202
59.297963,4.587279,110.248
59.321862,4.590792,110.294
59.346035,4.594375,110.34
59.548643,4.597417,110.385
59.573273,4.621628,110.758
59.596984,4.627211,110.803
59.622543,4.634526,110.849
59.647641,4.640752,110.895
59.672028,4.649423,110.941
59.697268,4.657203,110.987
59.722362,4.663754,111.033
59.746104,4.671275,111.078
59.770834,4.677297,111.124
59.795536,4.685022,111.169
59.820411,4.691419,111.215
59.845267,4.698654,111.261
59.871633,4.704856,111.307
59.896389,4.710797,111.353
59.920749,4.71624,111.399
59.945283,4.722835,111.445
60.028802,4.728786,111.491
60.124269,4.77284,111.645
60.14909,4.781123,111.822
60.173888,4.789736,111.868
60.198963,4.797538,111.915
60.224803,4.807982,111.96
60.248433,4.815179,112.006
60.273627,4.823892,112.052
60.298414,4.832365,112.098
60.322924,4.841933,112.144
60.348518,4.851662,112.19
60.373739,4.861926,112.236
60.399617,4.871166,112.283
60.423912,4.878893,112.329
60.449064,4.887115,112.374
60.473766,4.893505,112.42
60.497243,4.902474,112.466
60.523117,4.910987,112.512
60.547873,4.919675,112.558
60.632172,4.927131,112.604
60.72039,4.97101,112.758
60.745399,4.977217,112.922
60.770159,4.983867,112.968
60.79518,4.98943,113.014
60.818772,4.995552,113.06
60.843721,5.001103,113.105
60.869207,5.007684,113.151
60.893967,5.014472,113.197
60.918992,5.020562,113.243
60.944743,5.027329,113.289
60.969191,5.031596,113.335
60.992822,5.037398,113.381
61.017882,5.043124,113.427
61.043122,5.049386,113.473
61.067709,5.055696,113.518
61.093421,5.061169,113.565
61.118347,5.0668,113.61
61.142864,5.072662,113.656
61.226376,5.077204,113.702
61.315539,5.123329,113.857
61.341098,5.128056,114.022
61.365277,5.134398,114.068
61.389911,5.141004,114.113
61.415362,5.14774,114.159
61.440214,5.15619,114.205
61.465155,5.161303,114.251
61.489922,5.169106,114.297
61.515186,5.174755,114.343
61.538993,5.181236,114.389
61.56378,5.186442,114.435
61.589081,5.192172,114.481
61.613722,5.196916,114.526
61.638659,5.20087,114.572
61.664252,5.205865,114.618
61.688932,5.209883,114.664
61.712796,5.214427,114.71
61.737867,5.217545,114.756
61.821579,5.223496,114.802
62.026988,5.247803,114.957
62.052486,5.248323,115.335
62.076278,5.251075,115.381
62.101076,5.253007,115.427
62.126255,5.25192,115.473
62.151733,5.253682,115.519
62.175786,5.253177,115.564
62.201537,5.253557,115.61
62.226554,5.254002,115.656
62.249835,5.255728,115.702
62.275425,5.256895,115.748
62.300116,5.258786,115.794
62.325122,5.258707,115.839
62.526513,5.258102,115.885
62.551334,5.264652,116.258
62.576152,5.266209,116.303
62.600673,5.267941,116.349
62.626809,5.270382,116.395
62.651634,5.270663,116.441
62.675203,5.270773,116.486
62.700163,5.271264,116.532
62.725637,5.273035,116.579
62.749978,5.274761,116.625
62.775391,5.276423,116.671
62.800854,5.279631,116.716
62.825107,5.282974,116.762
62.84974,5.284506,116.808
62.874977,5.286473,116.854
62.898711,5.288043,116.9
62.923521,5.290425,116.946
63.008143,5.293289,116.992
63.102918,5.312266,117.146
63.128558,5.314359,117.322
63.153141,5.317245,117.367
63.176848,5.322211,117.413
63.202069,5.327025,117.459
63.226879,5.330883,117.505
63.251712,5.335628,117.551
63.277451,5.339116,117.597
63.302165,5.343015,117.642
63.327152,5.345803,117.688
63.351854,5.350031,117.734
63.376291,5.355421,117.781
63.400767,5.360751,117.827
63.425512,5.366086,117.873
63.451051,5.370763,117.918
63.476084,5.376011,117.963
63.500833,5.380949,118.01
63.525865,5.384592,118.056
63.608547,5.388039,118.102
63.699515,5.416704,118.257
63.723657,5.42132,118.422
63.748025,5.426497,118.468
63.773142,5.431629,118.514
63.798559,5.436878,118.56
63.822731,5.442937,118.605
63.848432,5.450568,118.651
63.8733,5.455636,118.697
63.897353,5.462532,118.743
63.922163,5.469608,118.789
63.947545,5.476669,118.835
63.971886,5.481885,118.882
63.997372,5.487067,118.928
64.023185,5.494394,118.974
64.048233,5.497797,119.02
64.072551,5.504813,119.066
64.098006,5.511463,119.112
64.123258,5.516906,119.159
64.206362,5.522977,119.204
64.294069,5.560961,119.359
64.319674,5.567796,119.523
64.344699,5.575573,119.568
64.369459,5.582449,119.614
64.394315,5.591068,119.66
64.419428,5.598961,119.706
64.444741,5.607729,119.752
64.468391,5.616591,119.798
64.494031,5.6255,119.844
64.518664,5.63596,119.891
64.543435,5.645543,119.936
64.569121,5.655522,119.982
64.594185,5.665421,120.029
64.619855,5.676662,120.075
64.644273,5.685296,120.121
64.669237,5.693692,120.167
64.692786,5.701725,120.212
64.717589,5.709297,120.259
64.802521,5.717064,120.304
65.004573,5.795617,120.459
65.030282,5.800454,120.835
65.055092,5.807039,120.881
65.079963,5.814638,120.927
65.105242,5.822267,120.973
65.130305,5.830428,121.019
65.155415,5.838024,121.064
65.179157,5.84486,121.11
65.204674,5.851976,121.156
65.229337,5.861811,121.203
65.254247,5.871236,121.249
65.279856,5.881684,121.295
65.304981,5.889765,121.341
65.505043,5.900708,121.387
65.530152,5.990362,121.757
65.555362,6.002546,121.802
65.579957,6.014988,121.848
65.604951,6.026233,121.894
65.629807,6.037523,121.941
65.653795,6.047592,121.987
65.679019,6.057807,122.033
65.704505,6.069063,122.079
65.730068,6.080384,122.125
65.754002,6.090142,122.171
65.779565,6.099561,122.217
65.803361,6.108799,122.263
65.827525,6.117557,122.308
65.853603,6.124899,122.354
65.878251,6.132366,122.4
65.9028,6.139293,122.446
65.987126,6.146289,122.491
66.082562,6.185824,122.646
66.107641,6.189057,122.823
66.131867,6.19152,122.868
66.156431,6.196749,122.915
66.181218,6.202239,122.96
66.206896,6.207073,123.006
66.232021,6.211628,123.052
66.256923,6.215766,123.098
66.281579,6.219866,123.145
66.30655,6.223609,123.191
66.330546,6.229082,123.237
66.355809,6.233177,123.282
66.381011,6.237514,123.328
66.405667,6.241591,123.374
66.430784,6.249095,123.42
66.456086,6.255663,123.466
66.480404,6.261524,123.512
66.504699,6.267296,123.557
66.588756,6.272702,123.604
66.677438,6.309843,123.758
66.702463,6.315159,123.922
66.727358,6.319408,123.969
66.752391,6.324882,124.014
66.777777,6.33043,124.06
66.802556,6.336122,124.106
66.826713,6.341179,124.152
66.851407,6.346641,124.197
66.876532,6.354391,124.244
66.90135,6.359998,124.29
66.926482,6.364286,124.335
66.951914,6.369213,124.382
66.976302,6.374736,124.427
67.001603,6.378178,124.474
67.026582,6.382159,124.52
67.050831,6.385534,124.566
67.075464,6.389691,124.612
67.100651,6.394177,124.658
67.184039,6.397971,124.703
67.273206,6.422604,124.858
67.298484,6.425571,125.023
67.323425,6.429174,125.069
67.348865,6.431857,125.114
67.373967,6.433212,125.16
67.397893,6.43515,125.206
67.422772,6.438448,125.252
67.447874,6.443598,125.298
67.472146,6.446945,125.344
67.497716,6.449959,125.39
67.522949,6.45214,125.435
67.547805,6.453757,125.482
67.572269,6.453637,125.527
67.596987,6.455598,125.573
67.621727,6.456485,125.619
67.64643,6.459477,125.665
67.672085,6.460003,125.711
67.697171,6.46359,125.757
67.780744,6.468486,125.802
67.984725,6.508026,125.957
68.009535,6.509957,126.334
68.035059,6.514442,126.381
68.059946,6.51798,126.427
68.084633,6.521718,126.473
68.108905,6.527379,126.519
68.133899,6.532203,126.564
68.158186,6.541792,126.61
68.183549,6.549184,126.656
68.208936,6.556585,126.702
68.234137,6.561759,126.748
68.258694,6.56745,126.794
68.283565,6.572684,126.84
68.485133,6.578275,126.885
68.509343,6.632595,127.257
68.533946,6.638961,127.303
68.559124,6.645782,127.349
68.583381,6.652811,127.395
68.609082,6.65974,127.441
68.633923,6.667126,127.487
68.658733,6.674295,127.533
68.683712,6.68213,127.579
68.708998,6.69241,127.626
68.7339,6.701219,127.671
68.757504,6.709915,127.718
68.78365,6.718016,127.764
68.808437,6.725521,127.81
68.833239,6.732427,127.856
68.858556,6.739624,127.901
68.883535,6.746349,127.947
68.966739,6.752286,127.993
69.060716,6.790194,128.148
69.085418,6.795379,128.322
69.110635,6.801241,128.367
69.135783,6.80562,128.414
69.160378,6.812055,128.459
69.185749,6.818497,128.505
69.210244,6.825624,128.551
69.234393,6.83015,128.597
69.259064,6.836746,128.643
69.284858,6.841964,128.689
69.309821,6.847,128.735
69.334477,6.851922,128.781
69.359103,6.857499,128.826
69.384443,6.864036,128.872
69.407885,6.868553,128.918
69.433471,6.873861,128.964
69.458703,6.877665,129.01
69.483267,6.882314,129.056
69.568254,6.888005,129.102
69.65656,6.915681,129.257
69.682653,6.920644,129.423
69.707816,6.926285,129.469
69.73195,6.929683,129.514
69.756537,6.935443,129.56
69.7818,6.941735,129.606
69.805781,6.946419,129.652
69.83066,6.951613,129.698
69.856668,6.956713,129.744
69.881309,6.961718,129.79
69.906088,6.966371,129.835
69.931666,6.971326,129.882
69.956007,6.977433,129.927
69.979872,6.985555,129.974
70.005182,6.993011,130.019
70.030084,6.999347,130.066
70.05517,7.006393,130.111
70.080134,7.012895,130.157
70.163937,7.021228,130.203
70.25328,7.067509,130.358
70.278682,7.077305,130.523
70.303054,7.087542,130.569
70.327787,7.096916,130.615
70.351836,7.10548,130.66
70.376999,7.114199,130.706
70.402155,7.122664,130.752
70.427664,7.131485,130.798
70.452843,7.137498,130.845
70.477461,7.143359,130.891
70.503085,7.150234,130.937
70.526535,7.157541,130.983
70.551322,7.165006,131.029
70.576408,7.169264,131.075
70.602271,7.173056,131.121
70.626228,7.174906,131.166
70.651222,7.176894,131.212
70.677,7.180642,131.258
70.759267,7.184475,131.304
70.963969,7.230927,131.459
70.988702,7.237839,131.835
71.012967,7.243452,131.881
71.037754,7.252506,131.926
71.06211,7.26003,131.972
71.087581,7.268946,132.018
71.112775,7.277715,132.064
71.137854,7.286869,132.11
71.162033,7.295826,132.156
71.187504,7.305818,132.202
71.212375,7.313239,132.248
71.235848,7.319682,132.294
71.261127,7.326688,132.339
71.463064,7.334711,132.385
71.487128,7.409429,132.757
71.51233,7.418338,132.803
71.537924,7.42679,132.849
71.562964,7.434116,132.895
71.587228,7.443335,132.941
71.61296,7.452824,132.986
71.637601,7.462374,133.033
71.66132,7.472407,133.078
71.686883,7.482295,133.124
71.711908,7.490854,133.17
71.736172,7.500338,133.216
71.761696,7.511141,133.262
71.787021,7.520797,133.308
71.811401,7.530884,133.354
71.835442,7.540513,133.4
71.860175,7.552407,133.445
71.944424,7.5642,133.491
72.039968,7.656244,133.646
72.065416,7.671549,133.823
72.090203,7.68779,133.868
72.115328,7.703816,133.915
72.14086,7.720165,133.961
72.164525,7.734218,134.007
72.189903,7.750683,134.053
72.214483,7.765482,134.099
72.239438,7.781081,134.145
72.264448,7.796771,134.192
72.290157,7.81162,134.238
72.315289,7.82754,134.284
72.339992,7.844175,134.331
72.365539,7.861119,134.376
72.39005,7.877784,134.422
72.414291,7.892058,134.468
72.439631,7.908748,134.514
72.464179,7.923692,134.56
72.54859,7.939902,134.606
72.636266,8.030416,134.761
72.661337,8.04672,134.923
72.685809,8.066161,134.969
72.710404,8.0846,135.014
72.734253,8.099416,135.061
72.759977,8.116366,135.106
72.78511,8.131042,135.152
72.809874,8.145785,135.198
72.834806,8.160184,135.244
72.859993,8.175848,135.29
72.884503,8.192693,135.336
72.908621,8.210436,135.382
72.934192,8.225965,135.429
72.959309,8.24269,135.474
72.983965,8.261572,135.52
73.010097,8.28017,135.566
73.034822,8.300493,135.612
73.059271,8.321282,135.658
73.142037,8.343207,135.704
73.231265,8.46437,135.858
73.256674,8.486346,136.023
73.280716,8.506955,136.069
73.306179,8.529528,136.115
73.331503,8.552815,136.161
73.357381,8.578724,136.207
73.381315,8.60086,136.253
73.405948,8.622189,136.299
73.431504,8.645385,136.345
73.45553,8.668547,136.391
73.479917,8.693169,136.437
73.50558,8.717101,136.483
73.530889,8.741778,136.529
73.555169,8.767163,136.575
73.58067,8.792569,136.62
73.605434,8.816989,136.666
73.629422,8.839837,136.712
73.654816,8.863994,136.758
73.738511,8.887501,136.804
73.942261,9.159594,136.959
73.967586,9.188715,137.335
73.991689,9.218525,137.381
74.016845,9.244593,137.427
74.041777,9.274126,137.473
74.06691,9.304363,137.519
74.091697,9.336479,137.565
74.116975,9.365084,137.611
74.141163,9.394891,137.657
74.165566,9.423892,137.702
74.190975,9.452677,137.748
74.215969,9.4819,137.794
74.24051,9.511562,137.84
74.441502,9.54044,137.885
74.466657,9.77751,138.257
74.491137,9.811655,138.303
74.516415,9.842673,138.349
74.54227,9.87306,138.395
74.566849,9.904419,138.441
74.591183,9.936273,138.488
74.615532,9.969804,138.534
74.641287,10.002634,138.579
74.665881,10.0368,138.625
74.690968,10.074822,138.671
74.716777,10.111147,138.717
74.740672,10.150421,138.763
74.76625,10.188111,138.81
74.790884,10.227761,138.856
74.815563,10.267357,138.902
74.840342,10.30824,138.948
74.924399,10.347386,138.994
75.018237,10.604048,139.148
75.044376,10.648278,139.323
75.069616,10.692081,139.369
75.093727,10.736439,139.415
75.11886,10.780034,139.461
75.143854,10.825455,139.506
75.168771,10.872698,139.552
75.193589,10.923165,139.598
75.219113,10.972838,139.644
75.243954,11.024854,139.691
75.268979,11.076654,139.737
75.293328,11.127704,139.783
75.317692,11.180207,139.829
75.343217,11.231845,139.874
75.368042,11.286067,139.92
75.393589,11.34642,139.966
75.418292,11.405398,140.013
75.443209,11.463299,140.058
75.52619,11.523069,140.104
75.615334,11.871184,140.259
75.639752,11.932112,140.422
75.664277,11.989995,140.468
75.689833,12.044766,140.514
75.715134,12.095647,140.56
75.739376,12.146776,140.606
75.76513,12.196245,140.652
75.789518,12.246318,140.698
75.812753,12.296396,140.744
75.838546,12.344655,140.789
75.863625,12.394086,140.836
75.888258,12.444143,140.882
75.913729,12.491577,140.928
75.93913,12.53705,140.973
75.963894,12.580944,141.019
75.98762,12.625265,141.065
76.012699,12.668751,141.111
76.037294,12.714241,141.156
76.121812,12.760974,141.202
76.246706,12.853793,141.357
76.270863,13.022142,141.59
76.296849,13.148521,141.635
76.321589,13.252287,141.681
76.347014,13.336457,141.727
76.372707,13.412997,141.774
76.398009,13.486072,141.82
76.421928,13.555009,141.866
76.446645,13.621475,141.912
76.471601,13.687652,141.958
76.495973,13.753026,142.004
76.520622,13.819846,142.05
76.546315,13.885607,142.096
76.571955,13.952802,142.141
76.596235,14.016381,142.187
76.621682,14.079238,142.233
76.710418,14.141903,142.28
76.920861,14.880638,142.445
76.94627,14.950998,142.835
76.971341,15.024952,142.881
76.996381,15.100944,142.926
77.020792,15.180551,142.972
77.046677,15.259629,143.018
77.07055,15.341896,143.064
77.095037,15.424131,143.11
77.120753,15.504877,143.156
77.14544,15.586415,143.202
77.170419,15.669381,143.248
77.195452,15.756605,143.294
77.220754,15.845999,143.34
77.420923,15.936997,143.386
77.446486,16.721036,143.757
77.471603,16.821151,143.803
77.495476,16.924662,143.849
77.520408,17.030925,143.895
77.545625,17.141568,143.941
77.569851,17.265842,143.986
77.594792,17.391086,144.032
77.62057,17.510891,144.079
77.645856,17.624809,144.125
77.670082,17.737236,144.171
77.695384,17.848483,144.216
77.719033,17.953668,144.263
77.743866,18.061408,144.308
77.769445,18.171051,144.354
77.794493,18.284127,144.4
77.819218,18.398642,144.446
77.903183,18.511859,144.492
77.997797,19.206782,144.647
78.022514,19.317897,144.823
78.047824,19.424954,144.869
78.072472,19.534183,144.915
78.097413,19.644507,144.96
78.12336,19.755695,145.007
78.148362,19.875014,145.052
78.172588,19.993717,145.098
78.197536,20.110131,145.144
78.222884,20.230725,145.191
78.247202,20.353853,145.237
78.272803,20.480693,145.284
78.298112,20.610899,145.33
78.322454,20.739984,145.375
78.347625,20.868258,145.422
78.372765,20.990741,145.467
78.397567,21.111174,145.513
78.421317,21.230094,145.559
78.505773,21.343709,145.605
78.593649,21.989711,145.761
78.619027,22.105473,145.922
78.643491,22.218865,145.968
78.668762,22.333636,146.015
78.694594,22.43973,146.061
78.719027,22.53677,146.107
78.742593,22.628504,146.153
78.768048,22.71849,146.199
78.793396,22.819819,146.245
78.818083,22.933225,146.291
78.843353,23.057691,146.337
78.868624,23.183825,146.382
78.893419,23.31169,146.428
78.918106,23.43754,146.474
78.943031,23.557095,146.52
78.966688,23.673116,146.566
78.991813,23.792238,146.612
79.017084,23.915501,146.658
79.100918,24.037261,146.704
79.189785,24.785671,146.858
79.214326,24.937183,147.022
79.239343,25.084382,147.069
79.26453,25.215913,147.115
79.288679,25.341315,147.161
79.312644,25.459251,147.207
79.338714,25.573093,147.252
79.363831,25.688631,147.298
79.388572,25.800184,147.344
79.41395,25.907666,147.39
79.439006,26.002377,147.436
79.463232,26.095205,147.482
79.487527,26.188004,147.528
79.512828,26.282367,147.574
79.5372,26.385317,147.62
79.562448,26.5001,147.666
79.588119,26.625268,147.711
79.61299,26.751478,147.757
79.696186,26.872703,147.803
79.900436,27.853523,147.958
79.925361,27.973877,148.335
79.950532,28.103171,148.381
79.97518,28.23804,148.427
79.998991,28.377333,148.472
80.023747,28.512586,148.518
80.049157,28.643536,148.564
80.07369,28.77793,148.61
80.098769,28.914335,148.656
80.124493,29.057209,148.702
80.148826,29.203907,148.747
80.173275,29.354342,148.793
80.198177,29.500834,148.839
