Current,Voltage,Time
-0.018726,-0.629838,0.058
-0.019095,-0.623372,0.103
-0.018438,-0.616731,0.149
-0.019271,-0.610098,0.195
-0.018346,-0.604307,0.242
-0.018315,-0.596941,0.288
-0.018174,-0.591648,0.335
-0.018646,-0.583903,0.38
-0.018278,-0.576552,0.428
-0.019327,-0.57183,0.474
-0.018487,-0.566637,0.52
-0.01937,-0.562261,0.565
-0.018432,-0.557183,0.612
-0.01929,-0.551191,0.657
-0.018358,-0.54534,0.703
-0.014448,-0.538899,0.749
0.01723,-0.529924,0.797
0.099824,-0.518701,0.842
0.302253,-0.448981,0.997
0.327671,-0.447907,1.369
0.351758,-0.446452,1.415
0.376587,-0.444414,1.46
0.402729,-0.442531,1.507
0.427828,-0.440392,1.554
0.452773,-0.440412,1.599
0.47758,-0.438913,1.646
0.5029,-0.438712,1.693
0.527833,-0.438702,1.738
0.552437,-0.437914,1.785
0.577346,-0.436629,1.832
0.602504,-0.435903,1.877
0.810275,-0.436113,1.924
0.835648,-0.406666,2.307
0.86063,-0.399711,2.353
0.88547,-0.392473,2.399
0.91052,-0.38391,2.445
0.936302,-0.376739,2.492
0.960867,-0.368802,2.539
0.985287,-0.360114,2.585
1.010478,-0.350105,2.631
1.035449,-0.341572,2.677
1.060911,-0.332744,2.724
1.086419,-0.324812,2.77
1.111088,-0.314603,2.816
1.136192,-0.305244,2.862
1.161988,-0.2943,2.908
1.186691,-0.282664,2.955
1.211754,-0.273015,3.002
1.29548,-0.261745,3.048
1.379681,-0.21218,3.203
1.405324,-0.204268,3.358
1.429617,-0.194094,3.404
1.454601,-0.186436,3.449
1.478718,-0.179669,3.495
1.503978,-0.175131,3.543
1.529434,-0.169793,3.589
1.555181,-0.16648,3.636
1.580127,-0.164092,3.682
1.605109,-0.163823,3.728
1.630916,-0.164332,3.775
1.655799,-0.165017,3.821
1.680344,-0.167041,3.866
1.704241,-0.167514,3.913
1.729328,-0.168869,3.959
1.754693,-0.167865,4.005
1.779859,-0.169724,4.051
1.805832,-0.16948,4.098
1.889782,-0.170919,4.144
1.975557,-0.180273,4.3
1.999516,-0.181898,4.457
2.024726,-0.184521,4.504
2.049604,-0.186136,4.55
2.074727,-0.188488,4.596
2.100028,-0.187663,4.642
2.125585,-0.187363,4.688
2.150799,-0.187353,4.735
2.175965,-0.185816,4.781
2.201055,-0.183217,4.828
2.225939,-0.183307,4.874
2.25053,-0.181048,4.921
2.275845,-0.179139,4.967
2.300239,-0.17643,5.013
2.325871,-0.174861,5.059
2.350885,-0.172003,5.105
2.376686,-0.168085,5.152
2.401846,-0.166111,5.198
2.484171,-0.162244,5.245
2.570591,-0.158601,5.398
2.595811,-0.159675,5.558
2.621277,-0.158671,5.605
2.646185,-0.16006,5.651
2.672006,-0.159795,5.697
2.697058,-0.161743,5.743
2.722225,-0.162334,5.79
2.747092,-0.164202,5.836
2.771825,-0.167121,5.882
2.796709,-0.169219,5.929
2.82122,-0.171638,5.975
2.846797,-0.173737,6.022
2.871754,-0.17671,6.067
2.896679,-0.181049,6.113
2.922513,-0.179529,6.16
2.947294,-0.180844,6.206
2.972639,-0.180283,6.252
2.997249,-0.180043,6.299
3.080895,-0.178365,6.345
3.280954,-0.135728,6.499
3.305808,-0.131571,6.87
3.33163,-0.127259,6.915
3.356683,-0.122107,6.963
3.382132,-0.120552,7.009
3.407536,-0.117624,7.056
3.432695,-0.112062,7.102
3.457614,-0.10833,7.148
3.482604,-0.102797,7.195
3.507624,-0.095048,7.241
3.532246,-0.088765,7.288
3.55797,-0.081076,7.334
3.58292,-0.07499,7.381
3.789066,-0.070302,7.427
3.814196,-0.040005,7.807
3.839155,-0.036168,7.852
3.863945,-0.032194,7.898
3.888205,-0.026973,7.945
3.913682,-0.023844,7.991
3.938566,-0.021675,8.038
3.963981,-0.019627,8.084
3.989255,-0.019287,8.129
4.014668,-0.019767,8.177
4.03997,-0.017098,8.223
4.06518,-0.014539,8.27
4.090105,-0.013285,8.316
4.114574,-0.013736,8.362
4.139238,-0.013625,8.409
4.164904,-0.064736,8.455
4.189992,-0.017723,8.502
4.27455,-0.015475,8.549
4.358203,-0.019377,8.704
4.383278,-0.018978,8.858
4.407989,-0.020082,8.904
4.43326,-0.021916,8.951
4.458671,-0.023745,8.997
4.483161,-0.027617,9.043
4.509008,-0.030821,9.09
4.534188,-0.035228,9.136
4.559833,-0.038711,9.182
4.584492,-0.043707,9.229
4.609862,-0.046115,9.275
4.634287,-0.050089,9.322
4.65909,-0.053712,9.368
4.684134,-0.056654,9.414
4.709604,-0.061572,9.461
4.735071,-0.06598,9.507
4.759833,-0.072761,9.553
4.785209,-0.081276,9.599
4.868784,-0.088297,9.646
4.953107,-0.15,9.801
4.978688,-0.162568,9.958
5.003876,-0.17444,10.004
5.029486,-0.186517,10.05
5.054003,-0.199404,10.096
5.079329,-0.213596,10.142
5.104615,-0.228544,10.189
5.128741,-0.24527,10.235
5.153784,-0.265603,10.281
5.17838,-0.286692,10.328
5.204127,-0.309828,10.374
5.229464,-0.332234,10.421
5.254499,-0.356626,10.467
5.280046,-0.381667,10.513
5.305436,-0.406377,10.56
5.330541,-0.432152,10.606
5.354935,-0.457202,10.652
5.379946,-0.483327,10.698
5.463838,-0.509546,10.745
5.549804,-0.629573,10.9
5.574405,-0.647104,11.057
5.599495,-0.662523,11.104
5.624482,-0.678747,11.149
5.648863,-0.695948,11.195
5.67349,-0.712132,11.242
5.698275,-0.726611,11.288
5.723552,-0.740953,11.333
5.749085,-0.754656,11.379
5.774196,-0.767197,11.426
5.799284,-0.776911,11.472
5.82382,-0.787475,11.518
5.849164,-0.793656,11.564
5.873435,-0.798951,11.61
5.898127,-0.804811,11.657
5.923035,-0.809295,11.702
5.948153,-0.815155,11.748
5.973366,-0.820815,11.794
6.057711,-0.826233,11.841
6.260369,-0.838399,11.996
6.285769,-0.835568,12.37
6.310844,-0.832065,12.417
6.336239,-0.827572,12.463
6.361117,-0.822562,12.509
6.38571,-0.82047,12.555
6.411029,-0.816121,12.602
6.435667,-0.812352,12.648
6.460649,-0.809665,12.694
6.485966,-0.805706,12.74
6.511126,-0.801272,12.787
6.53609,-0.796548,12.833
6.561681,-0.790067,12.879
6.767956,-0.782891,12.926
6.79256,-0.6931,13.307
6.817389,-0.680348,13.353
6.842526,-0.667037,13.4
6.867332,-0.65393,13.446
6.892805,-0.641508,13.492
6.917903,-0.627081,13.538
6.943557,-0.61519,13.585
6.969196,-0.602517,13.632
6.993349,-0.591538,13.677
7.018666,-0.579565,13.723
7.043108,-0.565693,13.77
7.068099,-0.553292,13.815
7.093131,-0.540104,13.862
7.118745,-0.527347,13.909
7.143888,-0.515564,13.955
7.169449,-0.502346,14.002
7.253703,-0.489942,14.048
7.336099,-0.414388,14.203
7.361634,-0.40219,14.358
7.387017,-0.388059,14.404
7.412344,-0.373676,14.451
7.437491,-0.360629,14.497
7.462804,-0.348083,14.543
7.488335,-0.33389,14.589
7.512919,-0.320253,14.636
7.537785,-0.303978,14.682
7.562972,-0.28922,14.729
7.587733,-0.274791,14.775
7.613208,-0.260899,14.821
7.637922,-0.249309,14.867
7.663121,-0.236607,14.913
7.68766,-0.225087,14.958
7.711779,-0.213867,15.004
7.736621,-0.203333,15.05
7.761644,-0.193914,15.095
7.846107,-0.187433,15.142
7.933103,-0.17859,15.297
7.958392,-0.181568,15.458
7.983735,-0.184257,15.504
8.008367,-0.188949,15.55
8.033568,-0.191702,15.597
8.057631,-0.19462,15.643
8.082695,-0.198708,15.689
8.108046,-0.203737,15.735
8.13341,-0.209042,15.782
8.158247,-0.21257,15.827
8.183622,-0.216994,15.874
8.209169,-0.218952,15.919
8.234039,-0.221829,15.966
8.25953,-0.224511,16.012
8.28323,-0.226353,16.059
8.308425,-0.229326,16.105
8.333391,-0.230532,16.151
8.358282,-0.232373,16.197
8.442812,-0.23358,16.243
8.528928,-0.231869,16.398
8.554378,-0.231338,16.557
8.578642,-0.22786,16.604
8.603109,-0.224352,16.649
8.628276,-0.220733,16.696
8.653425,-0.216775,16.742
8.678848,-0.214117,16.789
8.703787,-0.211254,16.834
8.729467,-0.208682,16.881
8.754264,-0.20667,16.927
8.779669,-0.203798,16.974
8.804176,-0.200931,17.02
8.82873,-0.198779,17.065
8.853896,-0.196257,17.113
8.879378,-0.195471,17.159
8.904257,-0.192648,17.205
8.929533,-0.189595,17.252
8.954987,-0.187943,17.298
9.038469,-0.184402,17.344
9.239581,-0.164122,17.499
9.264723,-0.162518,17.87
9.28927,-0.158955,17.916
9.314283,-0.155472,17.963
9.33918,-0.15,18.009
9.364195,-0.145603,18.055
9.390068,-0.139541,18.101
9.414958,-0.132275,18.147
9.440082,-0.1256,18.194
9.4654,-0.11647,18.241
9.490511,-0.110233,18.287
9.515286,-0.102288,18.333
9.540505,-0.095691,18.379
9.746713,-0.09026,18.426
9.771806,-0.03098,18.807
9.796801,-0.022591,18.853
9.82183,-0.012261,18.899
9.847322,-0.003672,18.945
9.872183,0.002955,18.992
9.897608,0.010535,19.038
9.922125,0.016987,19.084
9.946878,0.023963,19.131
9.971754,0.032512,19.177
9.997306,0.040184,19.224
10.022416,0.04753,19.27
10.047576,0.053311,19.316
10.073453,0.062134,19.362
10.098435,0.068861,19.409
10.123437,0.074901,19.455
10.14842,0.081337,19.501
10.231166,0.085706,19.547
10.316173,0.10493,19.702
10.341286,0.107622,19.858
10.366675,0.108182,19.904
10.391597,0.109473,19.951
10.417365,0.108828,19.997
10.441524,0.109804,20.044
10.466166,0.11101,20.09
10.49127,0.113212,20.136
10.516496,0.115199,20.182
10.542004,0.117181,20.228
10.566995,0.121214,20.274
10.592051,0.124007,20.321
10.617734,0.125364,20.367
10.642479,0.126409,20.414
10.667283,0.125634,20.46
10.692156,0.126229,20.506
10.71703,0.127365,20.553
10.742507,0.126289,20.599
10.826742,0.12665,20.645
10.911971,0.141584,20.8
10.937193,0.144852,20.958
10.962392,0.149676,21.005
10.986876,0.153019,21.05
11.011606,0.157664,21.096
11.036607,0.160571,21.142
11.061657,0.162993,21.188
11.086809,0.167072,21.234
11.111694,0.171086,21.28
11.137022,0.17577,21.327
11.162078,0.180355,21.373
11.186447,0.186095,21.419
11.211392,0.189793,21.465
11.236533,0.193602,21.512
11.261913,0.197561,21.558
11.286851,0.200228,21.604
11.311944,0.205453,21.651
11.337456,0.210762,21.696
11.420697,0.213165,21.744
11.507079,0.233059,21.898
11.532219,0.236867,22.057
11.55676,0.238594,22.104
11.582041,0.242062,22.15
11.607488,0.24404,22.196
11.632398,0.248668,22.242
11.658069,0.251287,22.288
11.682817,0.251387,22.335
11.707874,0.251797,22.381
11.732157,0.249058,22.428
11.757284,0.248728,22.474
11.782473,0.246115,22.52
11.807682,0.24404,22.566
11.833045,0.243086,22.612
11.858177,0.244061,22.659
11.883371,0.245435,22.705
11.908512,0.248728,22.751
11.933593,0.250773,22.798
12.016861,0.253617,22.844
12.21822,0.303508,22.998
12.243261,0.310834,23.371
12.267803,0.318305,23.417
12.29364,0.324916,23.463
12.31841,0.332828,23.51
12.343843,0.340638,23.556
12.369408,0.349352,23.602
12.39455,0.358158,23.649
12.419858,0.365765,23.695
12.444588,0.375973,23.741
12.469265,0.386352,23.788
12.493352,0.395271,23.833
12.518751,0.404962,23.88
12.725367,0.413097,23.927
12.750653,0.476256,24.306
12.776007,0.483668,24.353
12.800982,0.491725,24.399
12.826117,0.500764,24.446
12.850652,0.509066,24.492
12.87602,0.517309,24.539
12.90072,0.523715,24.585
12.925286,0.529765,24.631
12.950811,0.538058,24.677
12.975712,0.544769,24.723
13.001753,0.554228,24.769
13.026532,0.560954,24.815
13.051298,0.568187,24.861
13.076245,0.575868,24.908
13.100962,0.581969,24.955
13.125777,0.590877,25.001
13.210544,0.597548,25.047
13.295223,0.630248,25.202
13.320813,0.635518,25.358
13.34508,0.641034,25.405
13.370055,0.650122,25.451
13.395184,0.656223,25.498
13.4206,0.661117,25.545
13.445739,0.66964,25.591
13.471163,0.676085,25.637
13.496592,0.685252,25.684
13.521892,0.694121,25.729
13.546537,0.704122,25.776
13.571745,0.711468,25.822
13.596756,0.716316,25.869
13.62128,0.724724,25.915
13.646516,0.729692,25.961
13.671641,0.734229,26.009
13.696797,0.740837,26.055
13.722068,0.745494,26.101
13.806494,0.753028,26.147
13.890044,0.779089,26.302
13.91499,0.780979,26.458
13.940596,0.782472,26.504
13.965689,0.781863,26.55
13.990652,0.783138,26.597
14.015752,0.781763,26.643
14.040421,0.782592,26.688
14.064828,0.782917,26.734
14.089258,0.783318,26.78
14.114349,0.784002,26.826
14.139001,0.784332,26.87
14.163754,0.785696,26.917
14.188738,0.787855,26.962
14.214022,0.78725,27.008
14.238274,0.790524,27.054
14.262451,0.791819,27.099
14.28718,0.795251,27.145
14.31198,0.796256,27.191
14.39752,0.797169,27.237
14.485588,0.808289,27.394
14.510954,0.810288,27.558
14.535783,0.814675,27.603
14.560917,0.819156,27.649
14.586554,0.822755,27.696
14.611573,0.828173,27.743
14.635812,0.833634,27.789
14.661378,0.8409,27.835
14.686226,0.846452,27.882
14.711883,0.852173,27.928
14.737347,0.858994,27.975
14.76231,0.863817,28.021
14.787294,0.871463,28.068
14.812384,0.877505,28.113
14.837447,0.882816,28.16
14.862331,0.889816,28.206
14.888042,0.895091,28.253
14.912178,0.902007,28.299
14.997093,0.909053,28.346
15.197337,0.969305,28.5
15.222812,0.978864,28.871
15.248064,0.987692,28.917
15.273442,0.994283,28.963
15.298309,1.003367,29.009
15.323454,1.013651,29.055
15.348589,1.023651,29.102
15.373246,1.035111,29.147
15.398247,1.046157,29.195
15.423424,1.056987,29.241
15.44872,1.06602,29.288
15.473815,1.07679,29.334
15.499018,1.085523,29.38
15.705923,1.095263,29.426
15.73039,1.187433,29.807
15.755399,1.198172,29.854
15.780094,1.210676,29.899
15.804872,1.220249,29.946
15.830173,1.228071,29.992
15.855668,1.236859,30.039
15.881108,1.243067,30.086
15.906251,1.247539,30.132
15.93155,1.253112,30.179
15.956587,1.25756,30.225
15.98153,1.260962,30.271
16.006468,1.262337,30.317
16.03122,1.26549,30.364
16.056303,1.268477,30.41
16.081721,1.268782,30.457
16.10724,1.270437,30.504
16.191178,1.270307,30.55
16.27326,1.268169,30.705
16.298571,1.269473,30.858
16.324336,1.268962,30.904
16.348975,1.269852,30.95
16.374184,1.270826,30.997
16.39982,1.271161,31.042
16.424515,1.272806,31.089
16.449436,1.271832,31.135
16.473762,1.271391,31.18
16.498345,1.268447,31.227
16.523697,1.266664,31.273
16.548871,1.26561,31.319
16.574048,1.26296,31.365
16.598883,1.264606,31.41
16.624194,1.263471,31.456
16.649354,1.264816,31.504
16.673716,1.26378,31.55
16.698812,1.261866,31.595
16.782598,1.262086,31.642
16.870078,1.252902,31.797
16.894681,1.251758,31.957
16.919986,1.251012,32.004
16.945213,1.249339,32.05
16.970355,1.251107,32.096
16.994959,1.251956,32.142
17.01961,1.251908,32.189
17.044727,1.252542,32.235
17.069671,1.252196,32.282
17.095376,1.25475,32.328
17.12078,1.253456,32.374
17.1454,1.252812,32.42
17.17097,1.252832,32.466
17.195865,1.252046,32.512
17.22078,1.255131,32.559
17.245066,1.254116,32.605
17.269389,1.25472,32.651
17.295269,1.256235,32.697
17.379027,1.256245,32.744
17.466044,1.264565,32.897
17.491199,1.261796,33.058
17.516699,1.257189,33.105
17.541528,1.251928,33.151
17.565977,1.244051,33.197
17.590205,1.239019,33.243
17.615837,1.232173,33.289
17.640589,1.226171,33.335
17.666111,1.218986,33.382
17.691471,1.210406,33.428
17.716649,1.20064,33.474
17.741576,1.187848,33.52
17.766805,1.17551,33.566
17.790831,1.160989,33.613
17.815668,1.144847,33.659
17.84106,1.128961,33.706
17.866379,1.110342,33.752
17.89169,1.092329,33.798
17.975507,1.075684,33.844
18.176769,0.907397,33.999
18.20175,0.892898,34.37
18.227288,0.877085,34.416
18.251829,0.862109,34.463
18.276627,0.846862,34.509
18.301447,0.829406,34.556
18.326289,0.815859,34.602
18.352361,0.798774,34.648
18.377008,0.783408,34.695
18.402761,0.767997,34.742
18.428018,0.750679,34.788
18.453281,0.734429,34.835
18.478652,0.715569,34.881
18.683485,0.69819,34.928
18.708295,0.549949,35.307
18.733729,0.531061,35.353
18.758754,0.513921,35.399
18.78391,0.494652,35.445
18.809269,0.47669,35.492
18.834093,0.457093,35.539
18.859575,0.437189,35.585
18.884536,0.421077,35.631
18.909016,0.400264,35.677
18.933445,0.382205,35.723
18.958903,0.366014,35.77
18.984039,0.348723,35.816
19.008983,0.333512,35.861
19.034589,0.315281,35.907
19.060078,0.299256,35.955
19.085146,0.285554,36.001
19.167814,0.270681,36.048
19.252463,0.182497,36.202
19.278194,0.167598,36.358
19.30306,0.151764,36.404
19.32811,0.138856,36.449
19.353427,0.123617,36.496
19.377568,0.110204,36.542
19.402526,0.096477,36.589
19.427054,0.08379,36.635
19.452311,0.07245,36.681
19.47758,0.059172,36.726
19.502365,0.047411,36.772
19.52773,0.034694,36.818
19.553118,0.025047,36.864
19.578301,0.014438,36.911
19.602542,0.001541,36.957
19.627223,-0.009603,37.004
19.652452,-0.019767,37.05
19.67721,-0.029965,37.096
19.761659,-0.038776,37.142
19.848633,-0.091234,37.296
19.873952,-0.095138,37.457
19.899066,-0.096767,37.504
19.923839,-0.09828,37.55
19.948265,-0.099076,37.596
19.973282,-0.099204,37.642
19.998031,-0.095922,37.688
20.023524,-0.093064,37.735
20.048855,-0.08985,37.78
20.073741,-0.085978,37.827
20.0993,-0.08243,37.874
20.124343,-0.077703,37.92
20.148736,-0.075603,37.965
20.173404,-0.072751,38.012
20.19816,-0.069573,38.058
20.223747,-0.06406,38.105
20.248844,-0.056496,38.151
20.27433,-0.052437,38.197
20.357515,-0.046696,38.244
20.444802,-0.002876,38.398
20.469814,0.006198,38.558
20.494478,0.017306,38.605
20.519244,0.024947,38.651
20.543967,0.03538,38.697
20.569401,0.044599,38.742
20.595029,0.053792,38.789
20.620122,0.064782,38.836
20.645525,0.073235,38.882
20.670573,0.08345,38.928
20.695243,0.094274,38.975
20.720341,0.104929,39.021
20.745106,0.114688,39.067
20.770512,0.122281,39.114
20.795886,0.13201,39.161
20.820585,0.139717,39.207
20.845846,0.146048,39.253
20.871079,0.157273,39.299
20.954381,0.162874,39.346
21.15567,0.230211,39.5
21.179842,0.239029,39.87
21.204819,0.245029,39.915
21.229934,0.252803,39.962
21.254885,0.259118,40.008
21.280638,0.267168,40.056
21.305882,0.274615,40.102
21.330922,0.281391,40.148
21.356347,0.289128,40.194
21.381519,0.296727,40.241
21.405759,0.305468,40.287
21.430054,0.313178,40.333
21.455292,0.317895,40.379
21.662183,0.326296,40.425
21.687388,0.393308,40.807
21.712813,0.400745,40.854
21.73821,0.412448,40.9
21.763406,0.420699,40.946
21.788518,0.431127,40.993
21.813433,0.439388,41.039
21.838026,0.450376,41.086
21.863019,0.461076,41.132
21.888049,0.4707,41.179
21.913593,0.481455,41.224
21.938426,0.491344,41.27
21.963991,0.500613,41.316
21.98906,0.509932,41.363
22.014171,0.517089,41.409
22.038257,0.52933,41.454
22.062644,0.538358,41.5
22.146431,0.547927,41.547
22.231604,0.601067,41.701
22.256894,0.608428,41.858
22.282105,0.616691,41.904
22.307311,0.623622,41.951
22.332245,0.629708,41.997
22.35689,0.639998,42.044
22.382023,0.646113,42.09
22.407176,0.657763,42.136
22.432084,0.66936,42.183
22.457843,0.682763,42.229
22.482812,0.69654,42.275
22.508853,0.708739,42.322
22.53389,0.722285,42.368
22.5587,0.733861,42.415
22.583715,0.746938,42.461
22.608235,0.758412,42.507
22.633735,0.767806,42.554
22.658633,0.778029,42.599
22.743502,0.7863,42.646
22.827949,0.831854,42.801
22.853479,0.838582,42.958
22.878013,0.845257,43.005
22.902667,0.853003,43.051
22.928118,0.860354,43.097
22.952959,0.866656,43.144
22.978355,0.873822,43.19
23.003599,0.877728,43.237
23.028929,0.884191,43.282
23.054246,0.890206,43.329
23.079025,0.896962,43.375
23.103609,0.905205,43.422
23.12804,0.912432,43.467
23.153399,0.921055,43.513
23.178866,0.926555,43.56
23.204108,0.933241,43.606
23.228826,0.940043,43.652
23.254227,0.945933,43.698
23.337579,0.953445,43.745
23.42291,0.99116,43.9
23.448594,0.997826,44.058
23.473894,1.003867,44.105
23.499262,1.008221,44.152
23.524551,1.016053,44.198
23.549539,1.02331,44.244
23.575031,1.033835,44.291
23.600156,1.043584,44.337
23.62447,1.051045,44.383
23.649099,1.062201,44.429
23.674397,1.069903,44.476
23.699411,1.080578,44.522
23.724943,1.088921,44.568
23.74997,1.096468,44.615
23.774843,1.105089,44.66
23.800485,1.114434,44.707
23.825782,1.124983,44.753
23.850813,1.133788,44.799
23.933541,1.142538,44.846
24.133472,1.204293,45.001
24.158997,1.209071,45.37
24.183801,1.213858,45.416
24.209141,1.219054,45.462
24.234773,1.220774,45.509
24.260316,1.223413,45.556
24.285232,1.225251,45.602
24.310126,1.229175,45.649
24.334846,1.2343,45.695
24.359416,1.239238,45.741
24.384715,1.246369,45.787
24.41008,1.251437,45.834
24.435009,1.25317,45.88
24.641919,1.257119,45.926
24.667211,1.30617,46.307
24.692261,1.312293,46.353
24.71715,1.31892,46.4
24.741744,1.326963,46.445
24.766633,1.334955,46.493
24.791622,1.341961,46.538
24.816378,1.350374,46.584
24.841981,1.359572,46.631
24.867263,1.364607,46.676
24.892071,1.37278,46.723
24.917185,1.377645,46.769
24.94113,1.385727,46.814
24.966023,1.389436,46.861
24.991238,1.39418,46.906
25.016307,1.401467,46.953
25.041332,1.406356,46.999
25.125535,1.413673,47.045
25.2108,1.442255,47.2
25.235577,1.444117,47.357
25.260814,1.448487,47.404
25.285524,1.45305,47.45
25.311056,1.458961,47.497
25.336384,1.465012,47.543
25.361431,1.470531,47.59
25.386953,1.477848,47.636
25.411993,1.484524,47.682
25.437376,1.491491,47.729
25.461281,1.49684,47.774
25.485689,1.502577,47.821
25.511237,1.510038,47.867
25.536179,1.517385,47.913
25.561804,1.525544,47.96
25.586992,1.532487,48.005
25.612355,1.538038,48.052
25.637574,1.544065,48.099
25.720778,1.549303,48.145
25.805991,1.578731,48.3
25.831226,1.583579,48.458
25.856647,1.588367,48.505
25.881952,1.593757,48.551
25.90724,1.598875,48.596
25.93234,1.606122,48.643
25.957248,1.612422,48.689
25.982396,1.618083,48.736
26.006484,1.62705,48.782
26.031476,1.633286,48.828
26.056468,1.640122,48.875
26.082045,1.646958,48.921
26.10683,1.653814,48.967
26.132665,1.662475,49.013
26.157853,1.67002,49.059
26.182848,1.679005,49.106
26.20789,1.688,49.152
26.232669,1.69644,49.198
26.316334,1.705254,49.245
26.402389,1.743866,49.4
26.427631,1.751979,49.559
26.452668,1.758235,49.605
26.477789,1.764916,49.651
26.503321,1.773049,49.697
26.527919,1.778579,49.744
26.552418,1.787656,49.79
26.577556,1.795484,49.836
26.60271,1.804333,49.883
26.627954,1.815758,49.929
26.653373,1.82313,49.975
26.678419,1.83327,50.021
26.703665,1.842297,50.068
26.729105,1.852143,50.114
26.754299,1.861611,50.161
26.779126,1.870239,50.207
26.803813,1.881054,50.254
26.828782,1.888281,50.299
26.912793,1.895518,50.347
27.112886,1.956069,50.501
27.138259,1.956895,50.871
27.163443,1.958308,50.916
27.188772,1.959214,50.963
27.213526,1.960118,51.009
27.237642,1.963429,51.055
27.262548,1.965025,51.101
27.287321,1.966995,51.147
27.313019,1.969404,51.194
27.338217,1.972171,51.24
27.363465,1.977854,51.286
27.388313,1.981941,51.332
27.413935,1.990057,51.379
27.620119,1.994285,51.425
27.644412,2.037766,51.806
27.669308,2.044702,51.852
27.694579,2.051678,51.898
27.72,2.058909,51.945
27.74496,2.065515,51.991
27.770215,2.070713,52.037
27.795355,2.077999,52.084
27.819727,2.082336,52.129
27.844157,2.08619,52.175
27.868898,2.093634,52.221
27.894409,2.096789,52.268
27.919877,2.102838,52.314
27.944737,2.108051,52.361
27.970094,2.112668,52.407
27.995394,2.118085,52.452
28.020673,2.122564,52.499
28.10332,2.127569,52.546
28.188689,2.163275,52.7
28.214292,2.166718,52.858
28.239655,2.171389,52.905
28.264811,2.176073,52.951
28.290593,2.18294,52.997
28.315646,2.186959,53.044
28.340725,2.192819,53.09
28.365896,2.200516,53.137
28.390149,2.206952,53.183
28.41459,2.214219,53.229
28.439974,2.220039,53.275
28.465145,2.227882,53.321
28.490597,2.235909,53.367
28.515455,2.242165,53.413
28.540593,2.250167,53.459
28.56527,2.256398,53.506
28.589723,2.262229,53.551
28.614769,2.268479,53.598
28.698749,2.277413,53.644
28.784883,2.33336,53.799
28.810459,2.341542,53.958
28.836348,2.351926,54.005
28.861443,2.361961,54.052
28.886769,2.370874,54.098
28.91161,2.381039,54.144
28.935974,2.390326,54.191
28.961253,2.400345,54.237
28.985819,2.410604,54.284
29.011001,2.420748,54.33
29.03613,2.432202,54.376
29.061226,2.441966,54.421
29.086458,2.454084,54.467
29.110884,2.465758,54.513
29.135375,2.476937,54.559
29.159215,2.489941,54.604
29.184513,2.50022,54.65
29.209616,2.510708,54.696
29.293775,2.522352,54.742
29.381305,2.589169,54.897
29.406134,2.602606,55.057
29.430593,2.613311,55.104
29.45498,2.623585,55.15
29.480335,2.633455,55.196
29.505741,2.640701,55.243
29.531088,2.650245,55.289
29.556329,2.658032,55.335
29.581348,2.665704,55.382
29.60682,2.672116,55.428
29.631776,2.677445,55.475
29.657314,2.684822,55.522
29.681765,2.68865,55.568
29.706223,2.694641,55.614
29.731298,2.69835,55.66
29.75641,2.701998,55.707
29.782153,2.705071,55.753
29.807741,2.706387,55.8
29.891934,2.70869,55.846
30.091639,2.7261,56.002
30.1168,2.723619,56.37
30.14172,2.722423,56.417
30.166184,2.721336,56.463
30.191166,2.718378,56.51
30.215905,2.715486,56.555
30.241457,2.711718,56.601
30.266476,2.706277,56.648
30.291891,2.701658,56.694
30.316633,2.694422,56.739
30.34173,2.68834,56.787
30.366543,2.678922,56.832
30.391111,2.670438,56.879
30.597911,2.662116,56.925
30.623138,2.585946,57.307
30.648132,2.578016,57.352
30.673399,2.568711,57.399
30.698405,2.562659,57.445
30.723517,2.559365,57.491
30.748507,2.553858,57.537
30.773081,2.551145,57.583
30.797564,2.545313,57.63
30.822885,2.540417,57.676
30.84805,2.53543,57.722
30.87286,2.531211,57.768
30.898457,2.527758,57.814
30.92379,2.522892,57.861
30.949462,2.519518,57.908
30.974072,2.516205,57.954
30.998778,2.509644,58.0
31.082367,2.507145,58.046
31.167753,2.479706,58.201
31.193147,2.47438,58.358
31.21821,2.47189,58.405
31.2437,2.469107,58.451
31.267888,2.469107,58.497
31.292786,2.465245,58.543
31.317744,2.461221,58.59
31.342788,2.459907,58.636
31.368028,2.457528,58.682
31.393174,2.453011,58.728
31.418426,2.445131,58.774
31.443681,2.438628,58.821
31.468816,2.433227,58.867
31.493958,2.425356,58.914
31.518551,2.41824,58.96
31.543476,2.410444,59.006
31.568505,2.405577,59.053
31.593943,2.400086,59.099
31.678117,2.392779,59.145
31.763492,2.376925,59.3
31.788951,2.375419,59.458
31.813111,2.373478,59.505
31.838377,2.373347,59.55
31.863142,2.370464,59.597
31.888442,2.369539,59.642
31.913707,2.368002,59.689
31.938475,2.367046,59.735
31.963784,2.367246,59.782
31.989491,2.365034,59.828
32.014785,2.364173,59.875
32.039764,2.361606,59.921
32.064635,2.36061,59.968
32.089201,2.361737,60.014
32.114664,2.358774,60.061
32.139793,2.358258,60.107
32.164941,2.354039,60.153
32.190413,2.350931,60.199
32.273761,2.348118,60.246
32.359486,2.320684,60.4
32.384019,2.316134,60.559
32.409301,2.311509,60.605
32.434426,2.307861,60.652
32.459528,2.304813,60.698
32.484538,2.302571,60.743
32.509912,2.301305,60.789
32.535122,2.296501,60.836
32.560166,2.292842,60.882
32.584888,2.289224,60.929
32.610139,2.285906,60.974
32.634431,2.284144,61.022
32.660197,2.280751,61.068
32.685476,2.278599,61.114
32.711208,2.275235,61.161
32.736063,2.269746,61.208
32.761331,2.267989,61.254
32.786286,2.263093,61.299
32.868549,2.260186,61.345
33.069775,2.23185,61.5
33.09437,2.229808,61.871
33.119698,2.231185,61.916
33.144697,2.233016,61.962
33.169845,2.232351,62.008
33.19543,2.234353,62.055
33.220071,2.235038,62.101
33.245788,2.236654,62.147
33.27031,2.23777,62.193
33.2949,2.237991,62.24
33.319933,2.241319,62.287
33.344351,2.2432,62.333
33.369995,2.243591,62.379
33.577175,2.246969,62.425
33.602381,2.268199,62.807
33.627828,2.273879,62.853
33.652665,2.281091,62.899
33.677356,2.287202,62.946
33.702366,2.295474,62.991
33.727663,2.301535,63.039
33.752316,2.308832,63.085
33.777721,2.314142,63.132
33.802539,2.320253,63.177
33.828236,2.325832,63.223
33.853384,2.331207,63.27
33.878194,2.337028,63.316
33.903419,2.342368,63.362
33.927606,2.349214,63.408
33.952735,2.357417,63.455
33.978086,2.364038,63.501
34.061921,2.372816,63.548
34.146773,2.42568,63.702
34.172501,2.433397,63.859
34.197019,2.441437,63.905
34.221979,2.447128,63.952
34.246769,2.455369,63.998
34.27181,2.463234,64.044
34.297626,2.47025,64.091
34.322766,2.478651,64.137
34.348337,2.484467,64.184
34.373646,2.493043,64.231
34.398733,2.498121,64.277
34.423992,2.504491,64.324
34.449321,2.509604,64.37
34.474054,2.512002,64.416
34.498399,2.514242,64.463
34.523566,2.514532,64.509
34.549255,2.517118,64.555
34.5743,2.519049,64.602
34.658883,2.520253,64.648
34.741688,2.536374,64.804
34.767193,2.539976,64.959
34.792022,2.544734,65.004
34.817193,2.551195,65.051
34.843071,2.556578,65.098
34.868165,2.562857,65.144
34.893155,2.567695,65.19
34.918203,2.573369,65.237
34.943301,2.580523,65.282
34.968196,2.585556,65.329
34.993298,2.591758,65.376
35.017873,2.593736,65.422
35.042864,2.597591,65.468
35.06858,2.60178,65.514
35.093544,2.603091,65.561
35.119445,2.608877,65.607
35.143913,2.61318,65.654
35.16946,2.621293,65.699
35.251892,2.628499,65.745
35.337321,2.663232,65.9
35.363083,2.669733,66.059
35.388366,2.678561,66.105
35.41359,2.687054,66.151
35.438715,2.695037,66.198
35.464347,2.701387,66.244
35.488627,2.710331,66.29
35.513629,2.717647,66.337
35.5385,2.72576,66.382
35.563552,2.735239,66.429
35.588693,2.742021,66.475
35.613522,2.751189,66.521
35.639277,2.758396,66.567
35.664551,2.767564,66.614
35.689365,2.776423,66.66
35.714263,2.782503,66.706
35.738385,2.790515,66.752
35.763195,2.799439,66.798
35.847172,2.810861,66.845
36.048532,2.914769,66.998
36.073811,2.923993,67.371
36.099143,2.932174,67.417
36.124433,2.940695,67.463
36.149147,2.947621,67.509
36.174594,2.955891,67.555
36.199193,2.962557,67.602
36.223938,2.969232,67.648
36.249066,2.976409,67.695
36.273799,2.982451,67.74
36.299308,2.989236,67.787
36.32388,2.994214,67.833
36.349554,3.000939,67.878
36.556259,3.005607,67.926
36.581115,3.035683,68.306
36.605698,3.039342,68.353
36.630116,3.04268,68.399
36.655183,3.046773,68.445
36.680419,3.052199,68.491
36.706036,3.054201,68.538
36.731096,3.059075,68.584
36.756609,3.061578,68.63
36.78158,3.065661,68.677
36.80682,3.06939,68.722
36.831257,3.073308,68.769
36.855656,3.079289,68.816
36.880865,3.082136,68.862
36.906148,3.085935,68.908
36.931822,3.09068,68.955
36.956701,3.093472,69.001
37.040239,3.097786,69.047
37.125003,3.119298,69.201
37.150113,3.12199,69.359
37.175545,3.12691,69.405
37.200774,3.130463,69.452
37.225856,3.134712,69.498
37.251016,3.134972,69.543
37.276318,3.136954,69.591
37.301592,3.138551,69.636
37.326694,3.141004,69.682
37.350117,3.14355,69.728
37.375469,3.147409,69.775
37.401097,3.148615,69.821
37.425853,3.151268,69.867
37.450801,3.151468,69.913
37.476314,3.154716,69.96
37.500886,3.157984,70.006
37.527655,3.161492,70.052
37.552968,3.166807,70.099
37.63555,3.17057,70.145
37.721827,3.187434,70.3
37.746656,3.191343,70.459
37.772492,3.197233,70.505
37.797567,3.201848,70.552
37.823107,3.206202,70.598
37.848059,3.213369,70.644
37.873418,3.219199,70.691
37.897191,3.226225,70.736
37.921486,3.232527,70.782
37.947425,3.238278,70.829
37.972496,3.244722,70.875
37.997629,3.248458,70.921
38.022854,3.254611,70.967
38.048866,3.261012,71.014
38.073123,3.266643,71.06
38.098593,3.272416,71.107
38.123995,3.276258,71.154
38.147491,3.280256,71.2
38.232078,3.285907,71.246
38.317311,3.303338,71.4
38.343465,3.303488,71.559
38.368344,3.302223,71.605
38.393469,3.30038,71.651
38.417806,3.3008,71.697
38.442916,3.297666,71.744
38.46766,3.296063,71.79
38.492294,3.290231,71.836
38.518118,3.286248,71.882
38.543277,3.283719,71.928
38.568479,3.279921,71.975
38.593492,3.278627,72.02
38.61831,3.275569,72.067
38.643035,3.272536,72.113
38.667918,3.268893,72.16
38.693251,3.266474,72.206
38.717964,3.264849,72.253
38.743066,3.261566,72.299
38.828207,3.258164,72.344
39.028061,3.196975,72.5
39.053217,3.193907,72.87
39.078741,3.191004,72.916
39.103317,3.188231,72.963
39.128591,3.1864,73.01
39.153374,3.185719,73.056
39.178004,3.183678,73.102
39.203374,3.182702,73.148
39.229348,3.183032,73.195
39.253613,3.182502,73.242
39.279494,3.184498,73.288
39.305003,3.184098,73.334
39.330597,3.18604,73.38
39.534927,3.186751,73.427
39.559921,3.171049,73.807
39.58543,3.170739,73.853
39.609906,3.168977,73.9
39.635964,3.167691,73.946
39.661036,3.167941,73.992
39.686176,3.167191,74.039
39.711374,3.169582,74.085
39.736848,3.170073,74.132
39.761708,3.170809,74.178
39.785796,3.17292,74.225
39.81142,3.174628,74.271
39.836818,3.177906,74.318
39.861339,3.177475,74.363
39.886507,3.179092,74.41
39.911908,3.180678,74.456
39.937563,3.183406,74.503
40.02119,3.185302,74.549
40.104432,3.198736,74.703
40.13013,3.201179,74.859
40.155685,3.204997,74.904
40.180211,3.205753,74.951
40.205647,3.208656,74.998
40.230891,3.209201,75.044
40.253745,3.212655,75.089
40.279154,3.215752,75.135
40.30368,3.217079,75.181
40.328382,3.21886,75.225
40.353434,3.21878,75.272
40.379312,3.219816,75.319
40.404567,3.222528,75.365
40.428417,3.223305,75.411
40.454199,3.226467,75.457
40.479351,3.227313,75.503
40.504153,3.229685,75.551
40.530092,3.232738,75.597
40.613381,3.234937,75.643
40.700838,3.261248,75.797
40.726105,3.264406,75.959
40.751091,3.271402,76.005
40.775774,3.277669,76.051
40.801395,3.281663,76.097
40.825183,3.287664,76.143
40.850727,3.29268,76.19
40.876343,3.298063,76.237
40.900258,3.303131,76.283
40.926117,3.308056,76.329
40.951714,3.316099,76.375
40.976678,3.324578,76.421
41.001076,3.332159,76.467
41.025679,3.342358,76.513
41.050665,3.350633,76.56
41.075537,3.360986,76.606
41.100992,3.367765,76.652
41.126497,3.378093,76.698
41.210408,3.386164,76.745
41.296901,3.451331,76.9
41.320816,3.463368,77.058
41.34591,3.473077,77.104
41.37029,3.483943,77.151
41.396056,3.494327,77.197
41.421223,3.502899,77.244
41.446713,3.51468,77.29
41.471727,3.521978,77.336
41.496986,3.53028,77.382
41.522226,3.538623,77.429
41.546859,3.546946,77.475
41.571585,3.55697,77.521
41.596878,3.564402,77.568
41.621623,3.572365,77.614
41.646375,3.580026,77.66
41.672549,3.584426,77.706
41.697563,3.589726,77.753
41.722142,3.592983,77.799
41.80656,3.597433,77.845
42.006606,3.64341,78.0
42.032354,3.647423,78.371
42.057675,3.651522,78.417
42.081747,3.658248,78.464
42.10671,3.660939,78.51
42.132315,3.665977,78.556
42.157575,3.668556,78.602
42.182619,3.674119,78.649
42.208512,3.677825,78.696
42.233288,3.67896,78.741
42.258155,3.683134,78.789
42.2828,3.683698,78.834
42.307341,3.68586,78.88
42.513311,3.688139,78.926
42.538624,3.717993,79.306
42.564168,3.725029,79.352
42.589155,3.73165,79.399
42.614187,3.737763,79.445
42.639289,3.744819,79.491
42.663999,3.751794,79.538
42.688141,3.759955,79.584
42.713354,3.767701,79.63
42.738621,3.774637,79.676
42.763869,3.782877,79.723
42.789105,3.789783,79.769
42.814361,3.797548,79.816
42.83977,3.802531,79.862
42.864837,3.808963,79.908
42.889366,3.814754,79.954
42.915133,3.819051,80.001
42.998468,3.824199,80.047
43.083431,3.844063,80.202
43.108883,3.846841,80.358
43.133827,3.85125,80.404
43.158422,3.851718,80.451
43.182924,3.854682,80.498
43.208453,3.857644,80.544
43.233843,3.860963,80.59
43.258649,3.863382,80.637
43.284461,3.861728,80.683
43.309559,3.863203,80.73
43.334185,3.863402,80.776
43.359041,3.863786,80.822
43.385253,3.866035,80.868
43.409045,3.864566,80.914
43.433709,3.863996,80.961
43.459298,3.863886,81.007
43.484604,3.864761,81.054
43.509621,3.865975,81.099
43.594327,3.865332,81.147
43.679141,3.877659,81.301
43.70432,3.879324,81.458
43.728461,3.882058,81.505
43.753467,3.887208,81.551
43.778888,3.891537,81.597
43.804389,3.896061,81.643
43.829376,3.903458,81.69
43.855331,3.908467,81.736
43.879944,3.917706,81.782
43.904501,3.924077,81.828
43.929145,3.93279,81.874
43.954163,3.940182,81.921
43.978761,3.946652,81.966
44.003222,3.95399,82.013
44.029453,3.95959,82.059
44.054693,3.966186,82.105
44.079476,3.9753,82.151
44.10492,3.979544,82.198
44.187117,3.986985,82.244
44.274321,4.015372,82.399
44.298708,4.019096,82.558
44.324375,4.024955,82.605
44.349761,4.029334,82.651
44.374951,4.034294,82.697
44.400257,4.036372,82.744
44.425643,4.039219,82.79
44.451021,4.043158,82.837
44.474413,4.044293,82.883
44.499957,4.048322,82.929
44.524909,4.050415,82.975
44.54993,4.054648,83.021
44.57464,4.057391,83.068
44.600583,4.057836,83.114
44.625543,4.060468,83.16
44.650726,4.061985,83.206
44.676796,4.062661,83.253
44.700664,4.063646,83.299
44.784199,4.063521,83.345
44.984572,4.040119,83.5
45.009439,4.040985,83.871
45.036047,4.039018,83.918
45.061345,4.03586,83.964
45.086055,4.033248,84.009
45.111353,4.0297,84.056
45.137711,4.028178,84.102
45.162436,4.022833,84.148
45.186935,4.02017,84.195
45.212156,4.016367,84.242
45.237561,4.012869,84.288
45.262371,4.011433,84.335
45.287565,4.00889,84.382
45.493774,4.00867,84.428
45.518345,4.013274,84.807
45.544004,4.015426,84.854
45.56939,4.018909,84.899
45.593928,4.021667,84.947
45.618388,4.025175,84.993
45.643716,4.029384,85.039
45.669214,4.031576,85.085
45.694454,4.037196,85.132
45.719629,4.042707,85.179
45.744996,4.049953,85.225
45.770159,4.059753,85.271
45.795342,4.066228,85.318
45.82087,4.076127,85.364
45.845718,4.083725,85.411
45.870282,4.092403,85.457
45.895534,4.100233,85.504
45.979145,4.107167,85.55
46.063222,4.146435,85.705
46.087056,4.152457,85.858
46.111935,4.157425,85.904
46.136745,4.166539,85.95
46.161789,4.172731,85.996
46.187363,4.180325,86.043
46.212818,4.187727,86.089
46.238185,4.193078,86.135
46.263087,4.201258,86.181
46.288051,4.207211,86.227
46.313802,4.214267,86.274
46.337517,4.222557,86.321
46.363153,4.228369,86.368
46.388132,4.234826,86.414
46.413284,4.238328,86.46
46.438359,4.242845,86.506
46.463983,4.246939,86.551
46.489446,4.248667,86.598
46.571386,4.252791,86.645
46.657829,4.280235,86.799
46.683638,4.286156,86.959
46.708547,4.293292,87.004
46.733542,4.296675,87.05
46.757967,4.301603,87.097
46.78383,4.300819,87.142
46.808863,4.301943,87.189
46.832973,4.302897,87.235
46.858275,4.302302,87.281
46.883415,4.305416,87.328
46.908359,4.30598,87.374
46.934026,4.305959,87.421
46.959466,4.30625,87.467
46.983926,4.305565,87.514
47.009504,4.305735,87.56
47.035367,4.305357,87.607
47.060523,4.305256,87.653
47.084795,4.305476,87.699
47.16851,4.30609,87.746
47.25443,4.320105,87.9
47.279532,4.323088,88.058
47.304299,4.326426,88.104
47.329267,4.32945,88.15
47.354369,4.33158,88.196
47.378833,4.333783,88.242
47.403189,4.337071,88.288
47.429417,4.337461,88.335
47.45448,4.339102,88.381
47.479574,4.340689,88.428
47.504888,4.342982,88.475
47.530473,4.343928,88.521
47.555122,4.345394,88.568
47.580193,4.348391,88.614
47.605806,4.351424,88.66
47.629575,4.354813,88.706
47.654415,4.35806,88.752
47.680286,4.363505,88.799
47.764104,4.369426,88.845
47.965038,4.408562,89.0
47.990052,4.413301,89.371
48.015215,4.417821,89.417
48.04122,4.422104,89.464
48.06603,4.428276,89.51
48.089925,4.43325,89.556
48.114927,4.437524,89.602
48.140494,4.444141,89.649
48.165196,4.449991,89.695
48.190667,4.454685,89.741
48.215527,4.460326,89.787
48.240813,4.463098,89.833
48.26573,4.46593,89.88
48.472012,4.466366,89.926
48.497448,4.422991,90.306
48.52137,4.414989,90.353
48.546561,4.404829,90.399
48.572154,4.396236,90.446
48.597141,4.387993,90.492
48.622611,4.380506,90.539
48.648144,4.373144,90.585
48.673303,4.364752,90.631
48.697879,4.35847,90.677
48.723449,4.349937,90.724
48.74837,4.340158,90.771
48.772201,4.332927,90.817
48.797521,4.324909,90.863
48.823349,4.31996,90.91
48.848367,4.313809,90.956
48.873265,4.307125,91.002
48.95796,4.301393,91.048
49.04116,4.266152,91.204
49.066688,4.259056,91.359
49.091298,4.252611,91.405
49.116589,4.24476,91.45
49.141571,4.238259,91.497
49.166193,4.232026,91.543
49.191602,4.224786,91.589
49.216585,4.217669,91.635
49.240795,4.211179,91.681
49.265674,4.204643,91.727
49.29128,4.1988,91.774
49.316339,4.194153,91.82
49.341376,4.189996,91.866
49.366731,4.182595,91.912
49.392248,4.178812,91.958
49.416136,4.175984,92.005
49.440957,4.172481,92.05
49.465817,4.169018,92.096
49.550143,4.16483,92.143
49.637239,4.132363,92.298
49.662252,4.125846,92.459
49.687877,4.119885,92.504
49.713524,4.112778,92.551
49.737001,4.107652,92.597
49.761872,4.104039,92.643
49.787005,4.101287,92.69
49.811419,4.099742,92.736
49.837251,4.099328,92.781
49.863032,4.100665,92.828
49.888353,4.102261,92.875
49.912956,4.103435,92.922
49.938507,4.105724,92.967
49.963889,4.110985,93.014
49.987965,4.115642,93.06
50.013329,4.120999,93.107
50.0383,4.126682,93.153
50.062691,4.133012,93.199
50.147393,4.139888,93.245
50.233218,4.181102,93.399
50.258984,4.188206,93.559
50.283951,4.194718,93.606
50.308731,4.202294,93.652
50.333448,4.210824,93.698
50.358569,4.215311,93.745
50.383168,4.218726,93.79
50.408139,4.220443,93.837
50.434117,4.221778,93.883
50.458546,4.223592,93.928
50.483967,4.223816,93.975
50.509326,4.224046,94.021
50.533318,4.223826,94.067
50.55799,4.224247,94.114
50.583483,4.224796,94.16
50.608566,4.224237,94.206
50.633625,4.222892,94.253
50.659081,4.223443,94.298
50.743107,4.224006,94.345
50.944006,4.237395,94.5
50.969492,4.239293,94.87
50.994529,4.239193,94.917
51.019024,4.241621,94.963
51.043914,4.245064,95.01
51.068924,4.247804,95.057
51.093695,4.250002,95.103
51.119616,4.251577,95.149
51.144656,4.253245,95.195
51.169685,4.255318,95.242
51.195743,4.257308,95.289
51.221022,4.259001,95.335
51.246005,4.260421,95.381
51.449858,4.262415,95.428
51.475917,4.270005,95.807
51.500688,4.27114,95.853
51.525141,4.272144,95.899
51.55025,4.274643,95.945
51.57589,4.275153,95.991
51.600431,4.273268,96.037
51.625072,4.2712,96.082
51.650024,4.269975,96.129
51.674319,4.266953,96.176
51.699332,4.264164,96.222
51.725241,4.261805,96.267
51.750923,4.259486,96.314
51.775767,4.259106,96.361
51.800881,4.258881,96.407
51.826505,4.258871,96.453
51.850919,4.259146,96.5
51.934903,4.26115,96.546
52.019686,4.269062,96.701
52.045326,4.269895,96.859
52.07135,4.272664,96.905
52.095899,4.274118,96.952
52.121054,4.274802,96.998
52.146602,4.276147,97.044
52.169452,4.278506,97.09
52.195422,4.280504,97.136
52.220055,4.280993,97.182
52.245196,4.282443,97.228
52.269829,4.285052,97.274
52.296368,4.285861,97.321
52.321293,4.288945,97.366
52.345772,4.292598,97.413
52.37044,4.296765,97.46
52.395357,4.299833,97.506
52.420071,4.29838,97.552
52.445588,4.297235,97.597
52.529849,4.296585,97.644
52.616948,4.298538,97.799
52.641689,4.301442,97.958
52.666495,4.304231,98.005
52.691647,4.307928,98.052
52.716649,4.308804,98.098
52.741474,4.311971,98.144
52.767317,4.315399,98.19
52.792031,4.320224,98.237
52.816526,4.326305,98.282
52.842446,4.333422,98.329
52.868151,4.338366,98.375
52.892942,4.34317,98.422
52.916834,4.348841,98.468
52.942577,4.35262,98.514
52.967564,4.356743,98.561
52.992373,4.360932,98.608
53.018182,4.367072,98.654
53.043088,4.374129,98.701
53.127502,4.380345,98.746
53.212017,4.415108,98.901
53.237026,4.421914,99.059
53.26252,4.429351,99.106
53.287076,4.436317,99.152
53.312339,4.44388,99.198
53.338117,4.453188,99.244
53.363838,4.459729,99.291
53.387883,4.467702,99.337
53.413227,4.475855,99.383
53.43889,4.482386,99.43
53.463104,4.489968,99.476
53.487645,4.496308,99.523
53.513166,4.503475,99.568
53.538702,4.508269,99.615
53.563273,4.515085,99.662
53.58919,4.520342,99.708
53.614687,4.526466,99.755
53.639624,4.531975,99.801
53.723116,4.536203,99.848
53.922563,4.601561,100.002
53.948195,4.607005,100.371
53.972686,4.613064,100.417
53.997316,4.620551,100.463
54.022341,4.625779,100.51
54.048522,4.632594,100.555
54.073486,4.640705,100.602
54.098384,4.647661,100.649
54.123993,4.654847,100.695
54.1481,4.661488,100.74
54.172921,4.669599,100.787
54.198065,4.676664,100.833
54.223083,4.683522,100.88
54.429833,4.691522,100.926
54.454512,4.749954,101.307
54.480106,4.756256,101.353
54.504812,4.762106,101.398
54.529618,4.767856,101.445
54.554309,4.775243,101.491
54.579387,4.780713,101.537
54.603825,4.785668,101.583
54.629238,4.790907,101.63
54.654866,4.796053,101.676
54.679476,4.800917,101.721
54.704739,4.806297,101.768
54.730928,4.811572,101.815
54.756038,4.818748,101.861
54.780191,4.824749,101.908
54.805108,4.83073,101.954
54.830333,4.837226,102.0
54.913698,4.842195,102.047
54.999369,4.862669,102.201
55.024298,4.863806,102.358
55.049573,4.864401,102.404
55.074037,4.866724,102.451
55.098897,4.86806,102.497
55.124348,4.871708,102.544
55.149738,4.87441,102.59
55.174498,4.877919,102.636
55.199519,4.87995,102.682
55.225601,4.881602,102.728
55.250023,4.883109,102.775
55.274802,4.88565,102.821
55.30048,4.888363,102.868
55.324687,4.891441,102.914
55.349527,4.89532,102.96
55.374737,4.900679,103.006
55.400322,4.904718,103.052
55.425474,4.908096,103.099
55.509566,4.910719,103.145
55.594752,4.937198,103.3
55.620246,4.939295,103.459
55.644745,4.941197,103.505
55.669777,4.941307,103.552
55.695794,4.941467,103.598
55.721525,4.942282,103.644
55.745894,4.942802,103.691
55.771825,4.94472,103.738
55.796804,4.945271,103.784
55.821134,4.946533,103.829
55.845863,4.948333,103.876
55.871142,4.950932,103.922
55.895537,4.953042,103.969
55.920934,4.954537,104.015
55.94687,4.956655,104.061
55.971906,4.958569,104.108
55.997435,4.962247,104.154
56.022271,4.96595,104.201
56.105253,4.969423,104.247
56.19072,4.989686,104.403
56.215422,4.993925,104.559
56.240747,4.998893,104.605
56.266263,5.004284,104.652
56.291961,5.009322,104.698
56.316467,5.013035,104.744
56.342491,5.016378,104.79
56.366482,5.019235,104.837
56.390566,5.021859,104.883
56.416121,5.024618,104.93
56.4415,5.028995,104.975
56.466698,5.028469,105.022
56.491354,5.029195,105.068
56.517362,5.030938,105.114
56.542253,5.030219,105.161
56.566517,5.030139,105.207
56.59208,5.029065,105.253
56.616387,5.027285,105.298
56.700928,5.026361,105.344
56.900344,5.030449,105.5
56.92608,5.032092,105.871
56.951635,5.033326,105.917
56.976906,5.034501,105.963
57.001877,5.036231,106.01
57.027171,5.035585,106.057
57.052995,5.035096,106.103
57.077333,5.034262,106.149
57.10157,5.032818,106.195
57.126787,5.031403,106.241
57.151689,5.029124,106.287
57.176054,5.027414,106.333
57.201732,5.026102,106.378
57.408732,5.023763,106.425
57.433592,5.048307,106.807
57.458924,5.048991,106.853
57.484245,5.049861,106.9
57.508098,5.051981,106.946
57.533073,5.054699,106.993
57.559059,5.057462,107.038
57.584368,5.059386,107.085
57.608767,5.061356,107.13
57.633603,5.063053,107.177
57.658559,5.064809,107.222
57.682743,5.066827,107.267
57.707514,5.068131,107.314
57.732451,5.067546,107.36
57.757246,5.07056,107.406
57.782689,5.070819,107.453
57.808713,5.072359,107.499
57.891637,5.074667,107.545
57.977922,5.087102,107.7
58.002252,5.087615,107.858
58.027242,5.087766,107.904
58.053082,5.088316,107.951
58.077669,5.08908,107.997
58.103178,5.08878,108.043
58.128756,5.088086,108.09
58.153716,5.08898,108.136
58.178153,5.090334,108.182
58.20322,5.091044,108.229
58.228326,5.090505,108.275
58.252563,5.091238,108.32
58.278541,5.092764,108.367
58.303658,5.093013,108.414
58.328407,5.09193,108.46
58.354035,5.091289,108.506
58.379517,5.094278,108.553
58.405165,5.094702,108.599
58.487789,5.094732,108.646
58.573617,5.102668,108.801
58.599007,5.102048,108.959
58.624473,5.102479,109.006
58.649256,5.104507,109.051
58.674335,5.104537,109.098
58.70009,5.10795,109.145
58.725108,5.111062,109.19
58.750083,5.116501,109.238
58.774793,5.119803,109.284
58.799572,5.122762,109.33
58.824516,5.12712,109.376
58.850363,5.131256,109.422
58.875876,5.134829,109.469
58.900171,5.137148,109.515
58.925642,5.139102,109.562
58.95152,5.144385,109.608
58.976487,5.148822,109.655
59.000759,5.155254,109.701
59.084728,5.16204,109.747
59.169407,5.197055,109.902
59.194782,5.20245,110.058
59.21948,5.20849,110.105
59.245035,5.216093,110.151
59.270618,5.22367,110.198
59.294425,5.230296,110.245
59.319066,5.237472,110.29
59.344993,5.245304,110.337
59.369945,5.252266,110.383
59.395232,5.261165,110.43
59.420741,5.267945,110.476
59.446054,5.275122,110.522
59.470641,5.283445,110.569
59.495647,5.289145,110.614
59.52076,5.295942,110.661
59.545078,5.302402,110.707
59.57028,5.307943,110.753
59.595758,5.312272,110.8
59.679773,5.3155,110.847
59.880242,5.32681,111.001
59.905605,5.326215,111.371
59.930592,5.324779,111.418
59.956335,5.322367,111.464
59.9804,5.320174,111.509
60.004115,5.317632,111.555
60.030319,5.314074,111.602
60.05564,5.310155,111.649
60.079716,5.308333,111.696
60.105586,5.304744,111.742
60.131491,5.302292,111.789
60.157069,5.298885,111.836
60.181391,5.294705,111.882
60.386248,5.290872,111.928
60.410904,5.241201,112.306
60.435476,5.234445,112.352
60.460858,5.229479,112.398
60.486532,5.222513,112.444
60.511515,5.217909,112.491
60.536359,5.210473,112.537
60.561895,5.203355,112.583
60.586237,5.199627,112.63
60.610562,5.19273,112.677
60.636329,5.187101,112.723
60.661415,5.183998,112.769
60.686901,5.180439,112.815
60.712084,5.178367,112.862
60.738254,5.175995,112.909
60.763236,5.175875,112.955
60.7881,5.172767,113.001
60.871892,5.172367,113.048
60.955807,5.166556,113.203
60.981335,5.164985,113.359
61.006157,5.162807,113.405
61.032184,5.15967,113.452
61.057232,5.15718,113.498
61.081939,5.156187,113.544
61.107229,5.155133,113.591
61.132177,5.153908,113.637
61.156491,5.153758,113.683
61.181243,5.152303,113.729
61.207252,5.153328,113.776
61.232346,5.153033,113.823
61.257094,5.151038,113.869
61.282507,5.149734,113.915
61.307974,5.14906,113.961
61.332465,5.14897,114.007
61.357275,5.148086,114.054
61.382738,5.146352,114.1
61.466215,5.146211,114.146
61.552131,5.127089,114.301
61.576991,5.122531,114.459
61.602397,5.121366,114.505
61.62774,5.118938,114.552
61.651717,5.116698,114.598
61.677226,5.11605,114.644
61.702477,5.11659,114.691
61.72693,5.118418,114.737
61.752017,5.119622,114.783
61.777161,5.121781,114.828
61.802078,5.125685,114.874
61.826369,5.131716,114.919
61.851237,5.136263,114.965
61.875513,5.14058,115.011
61.900165,5.146481,115.057
61.926154,5.150345,115.102
61.95108,5.153082,115.149
61.976189,5.158025,115.196
62.060169,5.162462,115.242
62.148022,5.189132,115.397
62.173596,5.194398,115.559
62.197726,5.199687,115.605
62.222459,5.203776,115.652
62.247665,5.207879,115.698
62.272963,5.211188,115.744
62.297327,5.215771,115.79
62.323362,5.218384,115.836
62.348756,5.2236,115.882
62.37385,5.227723,115.929
62.398579,5.230727,115.976
62.423846,5.233925,116.021
62.448038,5.238418,116.068
62.472352,5.242357,116.114
62.498203,5.248568,116.16
62.523639,5.255554,116.206
62.548557,5.260439,116.253
62.57377,5.265268,116.299
62.657239,5.268902,116.346
62.858592,5.33278,116.499
62.884335,5.338105,116.871
62.908527,5.345196,116.918
62.933018,5.352473,116.964
62.958584,5.35929,117.01
62.984097,5.366562,117.056
63.008684,5.374164,117.103
63.034059,5.382507,117.149
63.059595,5.392351,117.194
63.08467,5.40185,117.242
63.10956,5.412909,117.288
63.134266,5.422994,117.334
63.158408,5.435901,117.38
63.36454,5.448618,117.426
63.390233,5.53881,117.807
63.415231,5.548878,117.853
63.440452,5.559808,117.899
63.464928,5.573659,117.945
63.491071,5.585112,117.992
63.5159,5.596636,118.038
63.540183,5.606265,118.085
63.565278,5.615303,118.131
63.590153,5.624492,118.176
63.615746,5.633205,118.224
63.641444,5.641158,118.27
63.666588,5.649921,118.315
63.691129,5.657823,118.362
63.716388,5.665946,118.408
63.741678,5.674448,118.455
63.765766,5.682311,118.501
63.850226,5.691839,118.548
63.934902,5.728434,118.702
63.96058,5.734134,118.859
63.98582,5.740685,118.905
64.009689,5.746195,118.951
64.034744,5.753636,118.998
64.059481,5.759818,119.044
64.084629,5.765638,119.089
64.11043,5.769746,119.136
64.135125,5.771659,119.182
64.160657,5.774906,119.228
64.185851,5.779841,119.275
64.211925,5.786232,119.322
64.23665,5.792737,119.368
64.260845,5.800528,119.415
64.286043,5.809665,119.461
64.311053,5.815013,119.507
64.335402,5.823456,119.553
64.361775,5.830422,119.599
64.445149,5.839262,119.646
64.531311,5.878018,119.801
64.556036,5.882084,119.959
64.580362,5.886921,120.006
64.605057,5.891313,120.051
64.630627,5.894528,120.097
64.655276,5.899559,120.144
64.681146,5.904942,120.19
64.705933,5.909238,120.236
64.731242,5.914944,120.282
64.756467,5.921162,120.328
64.781523,5.926688,120.375
64.805871,5.933406,120.421
64.830482,5.938566,120.468
64.856375,5.944939,120.514
64.881538,5.949456,120.56
64.90634,5.955237,120.606
64.931742,5.960016,120.653
64.957151,5.963648,120.699
65.039794,5.968626,120.745
65.125496,5.986695,120.9
65.151081,5.990588,121.059
65.176452,5.992636,121.104
65.201754,5.996059,121.152
65.226863,5.999723,121.198
65.252311,6.003505,121.244
65.27772,6.006709,121.29
65.301839,6.010551,121.337
65.327278,6.011876,121.382
65.352373,6.01505,121.429
65.376499,6.018193,121.476
65.401685,6.022778,121.522
65.427348,6.025415,121.567
65.452281,6.029233,121.614
65.476799,6.032206,121.659
65.502377,6.033697,121.705
65.526818,6.035483,121.751
65.551098,6.035794,121.798
65.63537,6.035274,121.844
65.836038,6.019504,121.999
65.861594,6.015953,122.37
65.886711,6.012569,122.417
65.911697,6.01106,122.463
65.936838,6.011131,122.508
65.962124,6.010621,122.555
65.98668,6.010771,122.6
66.010591,6.009677,122.647
66.035924,6.007962,122.693
66.060587,6.005934,122.739
66.086289,6.006313,122.785
66.111898,6.00505,122.832
66.137499,6.007389,122.878
66.343769,6.008553,122.924
66.369255,6.02507,123.307
66.394902,6.0306,123.354
66.418998,6.033797,123.399
66.443101,6.033948,123.445
66.468456,6.034308,123.491
66.493835,6.034268,123.537
66.518629,6.034638,123.584
66.544077,6.034348,123.63
66.569778,6.032671,123.676
66.594104,6.031385,123.723
66.619912,6.030969,123.769
66.644622,6.030539,123.815
66.668649,6.028912,123.861
66.694104,6.028537,123.908
66.719298,6.030014,123.954
66.74463,6.030278,124.0
66.828564,6.03061,124.047
66.913889,6.030023,124.202
66.938161,6.031305,124.358
66.963478,6.033607,124.404
66.988004,6.037071,124.451
67.013244,6.042411,124.498
67.039191,6.049237,124.544
67.064347,6.055478,124.589
67.088895,6.062695,124.636
67.114035,6.067609,124.682
67.139783,6.07317,124.728
67.163325,6.078284,124.775
67.188995,6.084094,124.821
67.214197,6.088558,124.868
67.238999,6.093858,124.914
67.263986,6.097151,124.961
67.290033,6.099233,125.007
67.315626,6.102611,125.054
67.340075,6.10663,125.1
67.424324,6.110424,125.146
67.508642,6.129277,125.301
67.533944,6.132724,125.458
67.559868,6.136242,125.505
67.584885,6.140977,125.552
67.610525,6.145811,125.598
67.635658,6.14958,125.644
67.660567,6.154504,125.691
67.686315,6.157117,125.737
67.710264,6.159975,125.783
67.734413,6.162118,125.829
67.760045,6.163713,125.875
67.785585,6.16517,125.921
67.810118,6.166656,125.967
67.835427,6.169913,126.013
67.860721,6.172567,126.059
67.885992,6.175704,126.106
67.910456,6.180178,126.152
67.935028,6.182045,126.198
68.018954,6.184502,126.244
68.105632,6.194331,126.399
68.130795,6.196794,126.559
68.155712,6.200292,126.605
68.181267,6.2037,126.651
68.206746,6.205672,126.697
68.230795,6.207138,126.744
68.256527,6.208915,126.79
68.280737,6.211442,126.836
68.305593,6.212333,126.882
68.331479,6.21504,126.929
68.356412,6.21539,126.975
68.381275,6.215481,127.021
68.406347,6.217248,127.068
68.43257,6.215931,127.114
68.457395,6.215121,127.161
68.482105,6.213089,127.207
68.506716,6.212504,127.254
68.532171,6.212689,127.3
68.616428,6.212889,127.347
68.815621,6.232072,127.502
68.841084,6.233113,127.871
68.86647,6.233197,127.917
68.891979,6.235223,127.963
68.916282,6.235343,128.009
68.941615,6.238375,128.056
68.967346,6.243666,128.103
68.990612,6.248524,128.149
69.016282,6.252267,128.195
69.042214,6.256794,128.242
69.066893,6.262566,128.288
69.092149,6.266069,128.334
69.118004,6.269522,128.381
69.323621,6.273844,128.427
69.347931,6.325711,128.806
69.37268,6.334336,128.853
69.397827,6.344031,128.899
69.423114,6.35275,128.945
69.44807,6.363503,128.992
69.474032,6.372015,129.037
69.499026,6.379834,129.085
69.52399,6.387821,129.131
69.549453,6.393947,129.178
69.574793,6.403207,129.224
69.59948,6.4147,129.271
69.623859,6.425714,129.317
69.649491,6.437123,129.363
69.67447,6.446446,129.41
69.699126,6.45678,129.456
69.725227,6.466099,129.502
69.808562,6.473206,129.549
69.893049,6.523957,129.703
69.917291,6.533716,129.859
69.943268,6.546153,129.906
69.968462,6.558019,129.951
69.993226,6.569389,129.997
70.019189,6.583137,130.045
70.04479,6.596204,130.091
70.069653,6.606934,130.138
70.09381,6.619901,130.183
70.11902,6.632463,130.23
70.143599,6.645854,130.276
70.168878,6.657599,130.323
70.19431,6.670739,130.369
70.21985,6.681992,130.416
70.244913,6.69411,130.462
70.270307,6.708262,130.509
70.295632,6.721145,130.555
70.320641,6.733803,130.602
70.403369,6.745517,130.647
70.48834,6.806737,130.801
70.513865,6.817098,130.958
70.53962,6.826532,131.006
70.564099,6.83672,131.052
70.589293,6.844801,131.098
70.615701,6.853581,131.145
70.640288,6.863429,131.192
70.664522,6.873263,131.238
70.689754,6.882126,131.285
70.715264,6.890953,131.33
70.740335,6.900032,131.377
70.765629,6.908494,131.424
70.790953,6.917853,131.47
70.815571,6.928518,131.516
70.841057,6.940499,131.562
70.865636,6.953177,131.608
70.890308,6.965227,131.654
70.914964,6.979425,131.7
70.999736,6.992763,131.747
71.084776,7.084369,131.902
71.109924,7.099326,132.059
71.134796,7.112813,132.104
71.159344,7.127005,132.151
71.184892,7.139625,132.198
71.209287,7.150808,132.245
71.234458,7.162155,132.291
71.259928,7.173379,132.337
71.284915,7.184672,132.382
71.310117,7.196247,132.429
71.335342,7.208359,132.474
71.359575,7.217789,132.52
71.383755,7.22663,132.566
71.409441,7.236433,132.613
71.434888,7.246754,132.66
71.459153,7.254563,132.706
71.484716,7.265053,132.752
71.510317,7.273825,132.799
71.594159,7.283367,132.845
71.795235,7.409066,133.0
71.821197,7.421924,133.372
71.845538,7.435575,133.418
71.870779,7.447946,133.464
71.894858,7.459778,133.51
71.920083,7.471549,133.557
71.945708,7.484106,133.603
71.971002,7.493825,133.649
71.995934,7.50482,133.696
72.021198,7.516255,133.742
72.046553,7.5261,133.788
72.072208,7.538068,133.834
72.09618,7.550321,133.881
72.301636,7.564534,133.927
72.326592,7.657984,134.307
72.351878,7.667114,134.353
72.377072,7.677673,134.399
72.402773,7.686499,134.446
72.427606,7.695158,134.493
72.452393,7.70323,134.539
72.478125,7.708811,134.585
72.502328,7.716602,134.631
72.526738,7.72445,134.678
72.552877,7.735639,134.724
72.577434,7.747941,134.77
72.602443,7.760968,134.816
72.627184,7.775636,134.862
72.653169,7.790541,134.908
72.677826,7.80599,134.954
72.702974,7.821419,135.0
72.786124,7.8376,135.047
72.871802,7.933805,135.202
72.896627,7.949234,135.358
72.92136,7.963306,135.404
72.946524,7.976264,135.449
72.971457,7.989172,135.495
72.995275,8.002883,135.542
73.020938,8.015746,135.589
73.046086,8.026265,135.635
73.070942,8.038658,135.682
73.095821,8.049028,135.727
73.122275,8.059646,135.774
73.146609,8.068347,135.82
73.170988,8.077002,135.865
73.195975,8.086071,135.912
73.220885,8.092678,135.958
73.245702,8.09886,136.005
73.271273,8.10505,136.05
73.296951,8.114346,136.097
73.380555,8.123361,136.144
73.4681,8.186869,136.299
73.492364,8.199756,136.459
73.518204,8.212524,136.505
73.54236,8.223799,136.551
73.566817,8.234879,136.598
73.592802,8.246709,136.645
73.618004,8.261078,136.691
73.643091,8.274971,136.737
73.668185,8.288349,136.785
73.694155,8.299549,136.831
73.719395,8.310485,136.877
73.743736,8.322565,136.924
73.769199,8.333976,136.97
73.793779,8.348714,137.016
73.818343,8.361892,137.062
73.844197,8.374872,137.109
73.869683,8.389378,137.155
73.89457,8.40381,137.201
73.978589,8.418808,137.247
74.062684,8.519785,137.402
74.087356,8.535221,137.559
74.11215,8.551642,137.605
74.137121,8.568334,137.651
74.163345,8.588838,137.697
74.188693,8.610718,137.744
74.213103,8.630362,137.79
74.238289,8.648829,137.836
74.263845,8.664487,137.882
74.287902,8.680754,137.928
74.312151,8.693876,137.974
74.338336,8.708199,138.02
74.362585,8.724313,138.067
74.387479,8.739118,138.113
74.413703,8.753051,138.159
74.438951,8.76811,138.206
74.463722,8.782233,138.252
74.48877,8.799352,138.297
74.571444,8.81725,138.344
74.773773,9.060111,138.498
74.798821,9.090448,138.871
74.823154,9.12293,138.918
74.848325,9.154979,138.963
74.873834,9.188,139.01
74.898905,9.21909,139.056
74.923992,9.252362,139.102
74.95,9.28438,139.149
74.97534,9.316953,139.195
74.999328,9.348903,139.242
75.024261,9.381486,139.288
75.050277,9.413482,139.334
75.075095,9.444349,139.38
75.28108,9.474341,139.427
75.306805,9.722541,139.807
75.331699,9.750738,139.853
75.35654,9.780407,139.899
75.381257,9.810296,139.945
75.406705,9.842628,139.991
75.430639,9.87673,140.038
75.456901,9.910091,140.084
75.482126,9.943427,140.131
75.50659,9.97845,140.177
75.532245,10.011765,140.224
75.557662,10.04801,140.27
75.582426,10.083501,140.316
75.607627,10.119713,140.362
75.632606,10.157303,140.409
75.657662,10.19548,140.455
75.682464,10.231073,140.502
75.767151,10.267677,140.549
75.851101,10.476362,140.703
75.87714,10.511641,140.859
75.901535,10.545707,140.904
75.925469,10.581388,140.951
75.951208,10.618052,140.997
75.975703,10.653363,141.042
76.001143,10.691441,141.09
76.026606,10.727897,141.136
76.052054,10.764545,141.183
76.076587,10.803137,141.228
76.101474,10.841287,141.275
76.126875,10.881919,141.321
76.150779,10.921882,141.367
76.175857,10.963539,141.413
76.20109,11.005285,141.46
76.227045,11.0483,141.505
76.25134,11.093071,141.551
76.276818,11.1349,141.599
76.360391,11.175527,141.644
76.447114,11.428856,141.799
76.471724,11.470798,141.959
76.496188,11.513234,142.005
76.522212,11.555418,142.052
76.547491,11.600093,142.098
76.572362,11.64616,142.144
76.597802,11.694175,142.19
76.622827,11.746154,142.237
76.648398,11.797851,142.283
76.673545,11.85228,142.33
76.699039,11.908444,142.377
76.722773,11.966633,142.423
76.747752,12.021925,142.469
76.772977,12.078427,142.516
76.798502,12.136893,142.561
76.822827,12.195617,142.607
76.848636,12.253996,142.653
76.87393,12.314174,142.7
76.956658,12.373795,142.746
77.042367,12.72214,142.901
77.067376,12.779818,143.06
77.092678,12.834965,143.106
77.11871,12.891406,143.152
77.143066,12.950189,143.198
77.168859,13.012717,143.244
77.193692,13.074898,143.291
77.217719,13.135512,143.336
77.243205,13.195488,143.382
77.268038,13.256179,143.43
77.293047,13.315044,143.476
77.318403,13.37046,143.522
77.344058,13.426236,143.568
77.369459,13.484836,143.614
77.393731,13.542655,143.66
77.419386,13.606816,143.707
77.443382,13.672219,143.753
77.468199,13.737477,143.799
77.552894,13.803427,143.846
77.753302,14.638097,144.0
77.778703,14.735249,144.372
77.804696,14.830996,144.418
77.829337,14.928583,144.465
77.854324,15.018897,144.512
77.880271,15.101328,144.558
77.905157,15.181042,144.604
77.930029,15.262018,144.65
77.955161,15.348365,144.697
77.978972,15.438342,144.743
78.004074,15.528096,144.789
78.030029,15.619274,144.836
78.055185,15.703693,144.881
78.259979,15.786791,144.928
78.285404,16.34508,145.307
78.310168,16.406322,145.353
78.334401,16.467951,145.398
78.35938,16.527885,145.445
78.385404,16.591043,145.491
78.410713,16.653433,145.538
78.435201,16.715465,145.584
78.460648,16.78052,145.63
78.48638,16.84933,145.677
78.510967,16.918253,145.723
78.535531,16.982897,145.77
78.560787,17.046726,145.815
78.584974,17.109614,145.862
78.609792,17.172865,145.908
78.635808,17.240369,145.953
78.661125,17.310953,146.0
78.745251,17.384024,146.047
78.829708,17.818463,146.202
78.854948,17.885504,146.359
78.880242,17.956686,146.406
78.90489,18.029163,146.452
78.9299,18.107611,146.499
78.955401,18.190855,146.544
78.98091,18.281928,146.591
79.005912,18.375261,146.636
79.03063,18.471074,146.683
79.056554,18.566062,146.73
79.080772,18.662557,146.776
79.105936,18.758623,146.822
79.130876,18.850696,146.868
79.155932,18.942898,146.915
79.180465,19.036953,146.96
79.206243,19.131207,147.006
79.231391,19.227468,147.053
79.255847,19.325697,147.099
79.339689,19.423091,147.146
79.425514,19.940282,147.3
79.451169,20.023999,147.46
79.475648,20.108661,147.506
79.501126,20.196047,147.551
79.526904,20.28737,147.598
79.550685,20.383769,147.643
79.575848,20.480562,147.69
79.600589,20.577005,147.736
79.626059,20.675066,147.782
79.650693,20.779555,147.829
79.676478,20.885449,147.876
79.702379,20.991486,147.922
79.726813,21.099741,147.968
79.751984,21.20386,148.015
79.777608,21.308837,148.061
79.801742,21.413393,148.107
79.826306,21.518686,148.153
79.851661,21.624778,148.2
79.935334,21.729815,148.246
80.021842,22.305186,148.401
80.046298,22.407829,148.559
80.071515,22.507334,148.605
80.097355,22.605836,148.651
80.121081,22.699709,148.697
80.145638,22.792748,148.744
80.171062,22.882032,148.789
80.195734,22.972672,148.835
80.221074,23.070004,148.882
80.246783,23.170743,148.928
80.27233,23.272609,148.974
80.296618,23.373971,149.021
80.32185,23.474344,149.066
80.347152,23.577397,149.113
80.370901,23.68296,149.159
80.396103,23.789795,149.205
80.421758,23.896415,149.252
80.447467,23.998924,149.298
80.530955,24.095596,149.345
80.732393,25.172872,149.499
80.757656,25.294442,149.872
80.783388,25.423335,149.919
80.808574,25.543437,149.965
80.832954,25.658951,150.011
80.858109,25.773206,150.058
80.883219,25.886194,150.104
80.907591,25.996514,150.149
80.9332,26.110059,150.196
80.958824,26.218083,150.242
80.98451,26.319213,150.29
81.009035,26.42311,150.336
81.034913,26.533804,150.382
81.23854,26.656145,150.429
81.262835,27.763868,150.807
81.289059,27.895244,150.853
81.314176,28.030367,150.9
81.339209,28.171478,150.946
81.364096,28.321585,150.991
81.39025,28.477837,151.038
81.41539,28.639918,151.085
81.439493,28.811831,151.131
81.464903,28.992797,151.177
81.489344,29.169322,151.224
81.514415,29.345331,151.27
81.539179,29.524906,151.317
